0.19513814
0.02178898
0.38251337
0.36844638
0.02019177
0.30145735
0.19684361
0.00315062
0.23961206
0.11683970
0.11411167
0.10646289
0.00764940
0.52668095
0.09625268
0.00322634
0.39585909
0.38530970
0.33726075
0.01009529
0.30470800
0.27359053
0.08794487
0.05709494
0.23347403
0.06884093
0.19722308
0.11676753
0.17388202
0.10456164
0.13468955
0.13099983
0.12891926
0.09106075
0.11212029
0.10043947
0.00121009
0.00000116
0.47349238
0.46646073
0.21498044
0.23527484
0.33295426
0.31444052
0.29019949
0.26988363
0.01298669
0.07263213
0.21751782
0.04184968
0.19829491
0.10271668
0.00100376
0.07807121
0.12470444
0.00190377
0.00955395
0.30400994
0.04270070
0.02344537
0.13771854
0.12341987
0.08029574
0.25940895
0.11696088
0.01427677
0.00063797
0.10722566
0.43241653
0.43218595
0.41576481
0.36534265
0.35859162
0.10312378
0.22918183
0.16497482
0.16236587
0.16222586
0.00612991
0.42064688
0.05899637
0.32104686
0.01085862
0.01449388
0.28442225
0.27898332
0.17708407
0.26730874
0.04624302
0.23188175
0.06243740
0.21284947
0.09939692
0.19047816
0.18024082
0.01136844
0.14005287
0.00744807
0.13072152
0.10424425
0.10212341
0.69605720
0.18661958
0.44865128
0.41090700
0.40382203
0.23852822
0.02526866
0.07569864
0.07318447
0.12686573
0.12392138
0.53203022
0.24756826
0.40208235
0.39464605
0.36740068
0.06795552
0.28941885
0.28381857
0.01790992
0.26439917
0.12231949
0.01384983
0.13051549
0.11235096
0.63452864
0.41586095
0.12560387
0.36190271
0.01169253
0.16735519
0.28304988
0.23745194
0.22850533
0.22296844
0.20963193
0.20404986
0.03183654
0.15453902
0.15294974
0.14262930
0.05867477
0.63860458
0.01729818
0.47420490
0.44161111
0.01808837
0.37918630
0.15165441
0.29278132
0.01434233
0.04053977
0.25677916
0.23616892
0.08013354
0.20700915
0.15864633
0.15824227
0.14638619
0.10978814
0.11605393
0.19847728
0.17715865
0.00190377
0.00955395
0.30400994
0.04270070
0.02344537
0.13771854
0.12341987
0.01594769
0.79033077
0.79026371
0.00654944
0.40135539
0.33306712
0.08084936
0.12215523
0.17322418
0.03303910
0.03961143
0.01460800
0.15018710
0.10468030
0.10001431
0.68187183
0.05725398
0.42552292
0.38469076
0.36250916
0.04760844
0.01672942
0.02043984
0.26699042
0.24467714
0.22511648
0.22392328
0.00696764
0.20578130
0.19787556
0.18509904
0.16228819
0.16166556
0.14536025
0.09396628
0.04578691
0.07111357
0.00285322
0.11956546
0.10370459
0.74176848
0.65204054
0.57763392
0.55788022
0.41921705
0.41665199
0.03016047
0.37578982
0.01345791
0.34496760
0.30481261
0.01827252
0.27414173
0.02355435
0.24057509
0.23820253
0.10962941
0.11630342
0.00869383
0.45605341
0.44135335
0.43248048
0.38238293
0.32344624
0.21142302
0.20512390
0.00461045
0.18749298
0.16700371
0.14520590
0.13573648
0.70163512
0.52020574
0.49184424
0.06133806
0.02401203
0.37696776
0.00750443
0.02828866
0.02418380
0.05706267
0.09176117
0.21052977
0.18291056
0.00592722
0.15110351
0.08586661
0.13261233
0.11187526
0.10148563
0.06728043
0.54865223
0.53732431
0.51276243
0.35031846
0.01729862
0.28580740
0.27069828
0.16508135
0.25445771
0.23079936
0.01982642
0.17843060
0.15596184
0.15046334
0.03571778
0.05450055
0.01412558
0.20852964
0.14918642
0.01415090
0.01048821
0.05598440
0.39261723
0.01676146
0.02240794
0.02014153
0.16369070
0.12530449
0.06115641
0.63706732
0.03192432
0.53161138
0.44916531
0.42854875
0.36187580
0.32535514
0.00380547
0.24862613
0.20906274
0.12863581
0.12360692
0.11303118
0.10589527
0.69523662
0.02949371
0.26699275
0.08337943
0.32147491
0.29826251
0.28269163
0.07413075
0.15231855
0.01775835
0.22528207
0.00886979
0.22023816
0.18761547
0.17943594
0.15055589
0.11242539
0.60809076
0.00719736
0.54187846
0.49731305
0.46614736
0.40532351
0.02201384
0.40405524
0.37198856
0.34041080
0.01101415
0.28511411
0.28409001
0.01816473
0.15869638
0.12292913
0.06033198
0.03067557
0.00522792
0.32474536
0.31138411
0.26215577
0.09597792
0.16292790
0.13833980
0.10992189
0.12010903
0.00456564
0.61947238
0.06653751
0.46467605
0.01267168
0.41211405
0.00131735
0.00016832
0.38408399
0.00275717
0.31046423
0.29688570
0.28120238
0.00010278
0.00095819
0.10281283
0.01135829
0.20446225
0.19192013
0.09118260
0.03588995
0.15327273
0.13691884
0.02396674
0.13268718
0.07615074
0.01085293
0.47137329
0.45072642
0.02814852
0.41285977
0.07366711
0.21946858
0.04691844
0.16853194
0.20986457
0.20831224
0.00422588
0.10381859
0.01214690
0.40976858
0.03828336
0.17328873
0.10883326
0.01415090
0.01048821
0.05598440
0.39261723
0.01676146
0.02240794
0.02014153
0.16369070
0.15640956
0.07389849
0.10347639
0.16337854
0.02425454
0.20050098
0.39338627
0.38899654
0.20216237
0.03419187
0.30312333
0.29642132
0.29302305
0.24506897
0.19683915
0.00970348
0.08544185
0.12731193
0.10403173
0.42647484
0.07621960
0.34879532
0.00049785
0.01826687
0.31020209
0.02412968
0.28615484
0.02426079
0.00000028
0.02879020
0.24052303
0.23420005
0.02706557
0.23384029
0.21099660
0.20210747
0.20108061
0.19748805
0.17564239
0.17408754
0.15819129
0.13582021
0.11358706
0.08236397
0.10267543
0.01548721
0.48500070
0.28575420
0.00327743
0.26508150
0.23544627
0.20004672
0.00054088
0.19680855
0.11224292
