332 314
349 278
323 265
337 226
308 203
358 320
284 286
291 162
289 217
322 323
347 302
411 309
313 318
346 297
348 274
337 283
323 226
323 284
289 245
308 190
337 236
330 331
323 339
337 225
352 317
290 236
289 120
408 263
331 256
207 268
354 271
341 338
360 236
341 330
289 320
360 307
347 262
285 297
289 270
296 321
300 127
322 318
350 282
330 316
323 239
287 114
308 196
301 278
339 325
337 234
362 226
332 323
314 291
305 279
351 311
335 317
306 294
333 331
317 276
325 338
348 334
325 312
322 324
348 301
319 368
306 275
301 310
299 137
353 250
337 267
294 323
332 324
360 269
323 328
286 321
340 333
356 288
358 232
307 127
295 295
341 327
353 295
349 275
348 300
337 274
432 251
340 334
357 248
430 269
359 300
323 338
308 192
302 236
363 236
287 113
299 305
290 315
287 107
331 330
355 319
294 248
351 302
314 174
357 263
290 279
355 317
284 146
303 219
322 313
337 236
307 202
428 320
314 218
306 187
343 303
324 244
285 251
358 267
334 221
275 286
309 209
314 260
320 313
373 257
366 303
451 281
314 284
325 284
286 275
372 244
321 142
357 275
314 226
334 226
334 236
307 122
272 244
324 253
177 265
273 236
362 316
369 236
448 264
314 282
333 279
287 298
324 267
356 265
372 239
369 283
334 240
278 305
357 284
288 278
272 260
323 311
306 114
327 323
314 242
324 281
308 134
326 276
324 309
319 378
335 317
306 294
333 331
317 276
325 338
348 334
325 312
307 259
365 255
366 269
318 319
335 270
275 309
303 276
335 243
278 253
333 220
303 249
307 215
327 332
274 287
367 291
364 293
304 273
287 274
365 248
335 274
461 250
460 266
356 274
304 236
276 291
335 236
280 248
189 263
306 111
287 297
276 236
278 317
364 318
321 337
329 325
190 250
260 120
285 312
335 258
370 236
362 286
288 251
363 275
277 268
364 250
305 253
333 281
335 232
321 173
341 297
281 281
319 302
280 233
333 211
302 171
362 298
304 226
457 282
352 251
325 218
296 303
281 266
315 244
364 286
316 261
305 221
265 256
324 260
367 224
317 313
273 304
325 284
324 226
282 275
352 275
325 165
313 284
305 224
305 283
268 260
333 234
461 266
331 122
317 306
317 142
368 245
275 317
314 251
267 244
361 319
365 236
325 282
351 278
271 283
283 264
366 282
315 281
333 114
362 304
325 242
315 267
305 241
281 285
367 261
312 322
333 248
334 231
306 221
320 379
316 309
322 320
302 317
318 256
305 330
322 275
333 294
313 338
290 334
304 251
320 301
273 269
281 264
365 274
335 276
365 287
364 309
303 270
321 319
304 243
362 253
268 290
311 332
332 129
273 291
275 293
335 273
352 274
282 274
274 249
364 292
303 236
178 266
178 250
449 250
333 111
450 263
363 236
360 248
275 318
270 236
352 298
277 286
284 264
275 251
321 193
362 267
358 281
318 173
334 253
359 233
341 287
306 211
303 232
336 171
319 302
278 298
181 281
302 225
336 218
331 203
350 217
315 265
353 285
348 163
307 251
317 321
290 278
284 320
302 283
316 226
291 274
350 245
334 234
316 284
348 155
325 320
309 331
348 236
293 297
308 256
276 244
334 276
302 224
317 338
431 268
349 120
350 320
279 236
331 191
290 312
286 317
275 255
297 337
338 127
292 261
350 270
316 239
267 238
289 282
353 141
317 318
331 197
343 321
351 114
299 326
334 215
277 224
301 281
307 212
307 323
286 310
289 216
322 320
302 317
318 256
305 330
322 275
333 294
313 338
290 334
317 323
291 303
333 275
320 368
301 292
355 310
301 267
307 324
345 323
316 328
353 321
281 233
340 137
286 289
279 269
337 255
209 185
298 333
349 127
287 294
332 127
343 295
290 274
337 236
302 274
208 268
316 338
410 262
337 288
291 300
207 251
277 236
351 150
299 334
301 236
348 315
345 247
352 112
308 331
298 327
340 306
284 320
352 311
410 249
408 255
316 161
349 279
325 174
304 292
284 317
317 313
355 145
336 220
410 199
345 227
