0.00694442 -0.03765225 -0.25352228
0.10612416 -0.00958252 -0.08303225
-0.03119075 -0.04259145 -0.11916876
0.02568209 -0.04230285 0.04017627
-0.02657986 0.02252829 0.12910497
0.13340747 -0.01454437 -0.21031606
-0.12898445 0.00312757 -0.20912206
-0.00247979 0.12574887 0.36031890
-0.14845252 -0.03064501 -0.01385343
-0.00438845 -0.01180875 -0.27478743
0.09791005 -0.00763464 -0.16475391
0.38796902 -0.00112760 -0.06208205
-0.02767134 -0.00004721 -0.21765509
0.09857690 -0.00750148 -0.16444215
0.10696018 -0.00754082 -0.09831398
0.02530515 -0.04199278 -0.12036668
-0.03007603 -0.04176593 0.03857490
-0.03007603 -0.04176593 -0.12123540
-0.14695656 -0.02981985 -0.01335938
-0.02386475 0.02386498 0.14062500
0.02530515 -0.04199278 0.01119690
-0.00392425 -0.04316914 -0.25252840
-0.00375378 -0.01562083 -0.27691168
0.02530515 -0.04199278 0.04198837
0.12224472 -0.00910747 -0.22349249
-0.14110446 -0.02746964 0.01071360
-0.00569010 0.12165594 0.34857002
0.39050174 0.00165987 -0.07186264
-0.00332212 -0.04645824 -0.04436640
-0.39711559 0.00212610 -0.06995206
0.10630715 -0.03177774 -0.08902542
-0.00492227 -0.08629429 -0.26851386
0.13578188 -0.02816021 0.01159245
0.00072348 -0.08090913 -0.24738413
-0.13364887 -0.01555037 -0.21550500
0.12861443 -0.03471041 -0.19344242
0.10773659 -0.00544155 -0.13101172
-0.14326954 -0.00493217 -0.12100804
-0.14772475 -0.02914798 -0.01094162
-0.12244487 -0.02564514 -0.20888448
0.04562724 0.12287617 0.29373074
-0.01030612 -0.01870203 -0.26906979
0.11484587 -0.01295996 -0.20589936
-0.00077736 -0.04247725 -0.25283241
-0.02914798 -0.04078209 0.03832352
-0.00426233 0.11981201 0.35249460
-0.02273738 0.02338862 0.14614403
-0.10805762 -0.03396380 -0.05732358
-0.00579655 -0.08431900 -0.25916338
0.02561939 -0.04131079 0.02830327
0.14299011 -0.02876139 -0.00753391
0.12880540 -0.03311685 -0.19513178
-0.00519311 0.01591245 -0.19647372
-0.00319076 0.04034138 -0.15152407
-0.00647724 -0.08044267 -0.26703155
-0.00979996 -0.04202213 -0.21571359
-0.00200009 0.03934350 -0.15175350
-0.00979996 -0.03641918 -0.25493422
-0.03910017 0.00830554 -0.09966645
-0.00590014 -0.01402931 -0.27497452
-0.00200009 -0.07868700 -0.26416349
-0.14070010 -0.01327106 -0.19110331
-0.13708866 -0.00573030 -0.20327389
-0.00428295 -0.08434755 -0.25558901
-0.39764738 0.00254655 -0.06332731
-0.01390600 0.04066650 -0.12987185
0.11566138 -0.04021025 -0.16280007
-0.00072157 0.08887935 0.32966256
-0.13122094 0.00724638 -0.10176849
-0.03772676 -0.02825129 -0.09548736
0.12213385 -0.02033687 -0.21019447
-0.00206220 -0.04331732 -0.25447106
-0.14231813 -0.00584126 -0.16126299
0.00129116 -0.01249623 -0.27775216
0.12924683 0.00334215 -0.21060240
-0.00379920 -0.07202101 -0.27121854
-0.12909162 -0.00279701 -0.21543920
-0.13040733 -0.01565838 -0.03074360
0.00059938 0.05037975 0.31333771
0.10933208 -0.00663376 -0.15976125
-0.00268674 -0.08273125 -0.25022724
-0.13214791 0.00602067 -0.14864232
-0.08708692 -0.02627587 -0.09674438
-0.10389686 -0.00433636 -0.16399801
-0.03928769 -0.02811563 -0.09532283
-0.39782119 0.00282550 -0.02743166
-0.00473094 -0.07643175 -0.26973653
-0.12657738 -0.01598597 -0.02179620
-0.39181590 0.00317359 -0.07245034
-0.14097714 -0.00832415 -0.16241850
0.00086963 -0.01284826 -0.27669442
0.00000024 0.04709363 0.13320181
0.10195208 -0.02773142 0.01166265
-0.13941503 -0.02613664 0.01088955
-0.00316048 0.12949252 0.34378585
0.11240768 -0.02561975 -0.18994950
0.12815416 -0.00435770 -0.21884345
-0.00030041 0.12683725 0.36061123
-0.00825810 -0.03583550 -0.25509939
-0.13067162 -0.00353396 -0.21419765
0.12419510 -0.01666069 -0.02339640
-0.12979877 0.00621092 -0.14605546
-0.00200844 0.02447486 0.22726262
-0.12728953 -0.01688659 -0.02241433
0.12763488 0.00091565 -0.20808589
-0.13596058 -0.00564003 -0.20462489
-0.00055194 0.12785292 0.35206640
0.09779513 -0.02838206 0.01116908
-0.00098467 -0.00747967 -0.27080607
-0.03147840 -0.03603041 0.01148033
0.00092208 0.04844177 0.14872229
-0.39812410 0.00312829 -0.05276370
-0.03038380 -0.04278266 0.03773057
-0.00986469 0.12159336 0.34152722
0.06539398 0.00447702 -0.21058798
-0.00279337 -0.04729891 -0.05927730
-0.10698199 -0.02902496 -0.09703791
0.10552526 -0.01320744 -0.08625233
0.02835947 -0.04281521 0.04269266
-0.12759429 -0.01824987 -0.21742857
-0.03148651 0.00624204 0.12175024
-0.02987149 -0.04368961 -0.12242079
-0.00467539 -0.01558447 -0.27677560
0.14283073 -0.03534615 -0.05839086
0.12204111 -0.01879740 -0.21558416
0.39049047 -0.00159323 -0.05628073
-0.02989852 -0.04208350 -0.12132945
0.00029629 -0.04707003 -0.12152250
-0.10580748 -0.02745414 -0.09620494
0.14409959 -0.03101468 -0.01130265
0.03987193 0.12261438 0.28983623
0.10605454 -0.01145744 -0.09920532
-0.02989852 -0.04208350 0.03860483
0.02764332 -0.04305935 0.03885052
0.02764332 -0.04305935 0.01110015
-0.00566387 0.11382818 0.34613234
-0.14589459 -0.02973104 -0.01093320
-0.00234908 -0.04627657 -0.03590437
-0.40032387 0.00180840 -0.06712594
-0.14280319 -0.02857065 0.01094220
0.11896378 -0.01741862 -0.21524625
0.13598013 -0.02857876 0.01130265
0.39295852 0.00029683 -0.07055640
-0.03028926 -0.04109108 -0.12072742
0.02651888 -0.04202592 -0.12442577
-0.10144818 0.00098622 -0.21015871
-0.00191027 -0.04570198 -0.06318963
0.10604095 -0.01237869 -0.11891866
0.14525717 -0.02833724 -0.01005983
0.14957869 -0.01285148 -0.20796144
0.02814269 -0.04086328 0.02974355
-0.13275731 -0.01282334 -0.21630192
0.11450940 -0.00449669 -0.21012735
-0.10295534 -0.02655494 -0.09690869
-0.14729634 -0.02963054 -0.00876379
-0.00307965 -0.04134834 -0.25392044
-0.00347888 0.11643815 0.35263109
-0.00453150 -0.08682895 -0.25747800
-0.02981895 -0.04213798 0.03927147
-0.00186956 -0.04617691 -0.12003422
-0.00293201 0.10125303 0.29814255
0.08549976 -0.01663740 -0.06239986
0.12088078 -0.01044135 -0.22387648
0.38963437 0.00285863 -0.07408500
-0.00979996 -0.04202213 -0.21571359
-0.00200009 0.03934350 -0.15175350
-0.00979996 -0.03641918 -0.25493422
-0.03910017 0.00830554 -0.09966645
-0.00590014 -0.01402931 -0.27497452
-0.00200009 -0.07868700 -0.26416349
-0.14070010 -0.01327106 -0.19110331
-0.02252156 0.03813323 -0.11888552
-0.12902874 0.00721025 -0.09821534
-0.12987256 0.00694704 -0.14896905
0.00913030 -0.01225114 -0.27203226
-0.03758103 -0.01741230 -0.10791397
0.12638390 -0.00251687 -0.21839547
0.05768812 -0.02824426 -0.09643853
-0.03498679 -0.03133941 0.00734770
0.13337344 -0.02515423 0.00813019
-0.03587964 -0.01042140 0.07927704
0.05971330 -0.03005612 0.00841188
0.02862430 0.03361344 0.07576978
0.00154221 -0.06979918 -0.27366924
0.12875867 0.00661695 -0.14780962
-0.12768510 -0.00206006 -0.21790552
-0.12884825 0.00623870 -0.14649864
0.05616903 -0.02793813 -0.09440516
0.10843414 -0.03063369 -0.09793913
-0.12590659 -0.01730895 -0.02232360
-0.03566259 -0.02896929 -0.09629438
-0.39570841 0.00364780 -0.02680650
-0.39314079 0.00441813 -0.06969690
-0.09797418 -0.02521634 -0.09547200
0.05735689 -0.03165364 0.01146060
0.12897545 0.00611877 -0.14522761
-0.03460497 -0.03272390 0.01134630
0.12450927 -0.01557994 -0.02295630
0.40059209 0.00397682 -0.06756739
0.00048482 0.12866545 0.34494761
0.10087806 -0.00847006 -0.16269153
0.14075911 -0.02709603 0.01154880
0.12677997 -0.00477123 -0.22011413
-0.12652093 -0.00319004 -0.21645293
0.00008291 -0.01010227 -0.27387100
-0.02155185 -0.01659274 -0.23999004
0.39777827 0.00313258 -0.02937713
0.13343787 0.12365794 0.32668650
0.11902320 -0.04374385 -0.20866409
-0.03829312 -0.01963139 -0.05078295
-0.13789290 -0.02706480 0.01118835
-0.12817460 0.00460172 -0.14468575
0.10951811 -0.03644145 -0.10852242
-0.12971342 0.00525737 -0.09780633
0.13113314 0.00480831 -0.14617896
-0.12382126 -0.01825261 -0.02164090
0.05426884 -0.02845919 -0.09361243
-0.03563538 -0.01461506 -0.17100346
-0.03406265 -0.03384411 0.00960231
-0.00633478 0.01205480 0.25436330
-0.06659120 0.00599360 -0.20942831
0.12250006 -0.00097322 -0.20500708
0.00530565 -0.00714839 -0.26796401
0.12543774 -0.01806378 -0.02323949
-0.02780852 -0.03225589 0.08896887
0.00895643 0.12361228 0.34501815
-0.12895066 0.00044668 -0.20003676
0.05714971 -0.03218448 0.00986218
-0.39510661 0.00334263 -0.04843390
0.09892058 -0.02999401 -0.09574080
0.02770045 -0.04358768 0.03773057
-0.06794888 0.00371051 -0.21058798
-0.10261518 -0.02951920 -0.09740281
0.00017953 -0.04808295 -0.05927730
0.12510461 -0.01899672 -0.21742857
0.00329423 -0.04826522 -0.12307179
-0.03105962 -0.04362524 0.04269266
-0.14864594 -0.03610206 -0.05374134
0.02474469 -0.04522765 -0.12242079
0.14424860 -0.03123593 -0.00745940
-0.00231802 -0.01922774 -0.27797723
-0.12459838 -0.01917601 -0.21871960
0.02725732 -0.04287577 -0.12132945
0.02461618 -0.04366803 0.03860483
-0.10939318 -0.01047564 -0.09928013
0.10054189 -0.02903390 -0.09620494
0.01346946 0.00404096 0.21093751
-0.00617689 -0.04674625 -0.12162150
-0.03030133 -0.04385662 0.04440060
-0.03030133 -0.04385662 -0.11932661
-0.14276040 -0.03468466 -0.05642550
0.03717989 0.00290632 0.01682168
0.39518028 0.00026536 -0.06981098
0.00004464 0.11214232 0.34613234
0.00499451 -0.04548287 -0.18228376
-0.04553753 0.12091470 0.28983623
0.14634228 -0.03158045 -0.01365581
-0.12777370 -0.01797318 -0.21825169
-0.00294167 -0.04786372 -0.03038063
-0.14680612 -0.03182673 -0.01130265
0.12328863 -0.01813817 -0.21749489
0.13756281 -0.03014278 0.01094220
0.02754280 -0.04191506 -0.12072742
0.10023203 -0.02737188 -0.09690869
-0.14957869 -0.01285148 -0.20796144
-0.10941839 -0.01128304 -0.11680984
0.14130688 -0.01340067 -0.11506581
-0.00128645 -0.04568243 -0.12148428
0.00054061 0.11718392 0.35151124
0.13303107 -0.01468945 -0.20986545
0.02719241 -0.04292595 0.03927147
-0.00079620 -0.04651392 -0.06318963
-0.03066534 -0.04218531 0.02643168
-0.11731195 -0.01453400 -0.20515633
0.14460641 -0.02955818 -0.01352262
0.00150210 -0.08691740 -0.25391102
0.03688532 0.00498247 -0.02574468
0.01125103 0.04011210 0.05223584
0.07464218 -0.03799057 -0.06937766
-0.39407730 0.00000000 -0.07134581
-0.12088078 -0.01044135 -0.22387648
0.01180005 0.00559845 -0.22393800
0.00979996 -0.05042655 -0.21571359
0.36720014 -0.00479880 -0.03839040
0.00979996 -0.04202213 -0.25213277
0.03910017 0.00553702 -0.09689793
0.00200009 0.03653325 -0.15175350
0.00399995 -0.01965600 -0.27518401
0.00590014 -0.08417588 -0.26375106
0.00704223 -0.04647600 -0.08772349
0.12798190 0.00000000 -0.20961571
0.13242117 0.00618243 -0.14896905
0.10367337 -0.02539659 -0.09607053
-0.12786841 0.00595939 -0.10020328
-0.05191278 -0.02841043 -0.09776342
-0.12615108 0.00583470 -0.14780962
-0.12382263 -0.00328529 -0.21839547
0.03974146 -0.03028035 -0.09743679
-0.00619811 -0.01157618 -0.27322471
0.03770170 -0.03215384 0.00734770
-0.13388479 -0.02652979 0.00949252
0.13914925 -0.01131868 -0.20970166
0.00354236 -0.07132459 -0.27366924
0.00108516 0.12794864 0.33992243
0.12736535 -0.00347543 -0.21667004
0.13149583 0.00544429 -0.14649864
-0.05342889 -0.02876019 -0.09440516
-0.10631871 -0.03335643 -0.09801563
0.10335332 -0.02682996 -0.09547200
0.12903106 -0.01626277 -0.02509481
-0.12964505 0.00423145 -0.14819220
0.04055005 -0.03252387 0.01133775
0.39827600 0.00287771 -0.06969690
0.39827600 0.00287771 -0.02680650
-0.39496446 0.00228858 -0.02937713
0.00207645 0.12789702 0.34494761
-0.39777827 0.00313258 -0.06756739
-0.13799369 -0.02792573 0.01154880
-0.12517017 -0.01746964 -0.02297430
0.12917894 -0.00398731 -0.21645293
0.13789290 -0.02706480 0.01118835
-0.09875572 -0.01109076 -0.16566977
0.13094425 0.00377083 -0.14468575
0.10051334 -0.02584291 -0.09177494
0.12707663 -0.01719654 -0.02367353
0.00527769 0.02676821 0.19760871
-0.12790459 0.00463510 -0.14119172
-0.11962527 -0.00183570 -0.20500708
0.00838798 0.00982201 0.25308871
-0.05188924 -0.03058553 -0.09494662
-0.12268507 -0.01888967 -0.02323949
-0.06416512 0.00433767 -0.20801246
0.02967817 -0.03584909 0.08636308
0.03983423 -0.03413081 0.01090407
-0.00332654 0.12508249 0.34749722
0.00163078 -0.00507796 -0.26358557
0.12895066 0.00044668 -0.20003676
0.39993435 0.00134587 -0.04499400
-0.02880776 -0.04328799 0.04479051
0.09395576 -0.03200889 0.01078308
0.02343035 0.02162039 0.13032782
0.14655232 -0.03254521 -0.01385343
0.02620482 -0.04522192 -0.11805987
0.13345885 -0.01317513 -0.21536517
0.00200689 0.12154186 0.35400724
-0.00256336 -0.04789042 -0.05963564
0.00831556 -0.01941788 -0.27347076
-0.10811901 -0.01157749 -0.08303225
-0.12070882 -0.01867151 -0.21721888
-0.02728450 -0.04397213 -0.12036668
0.02812767 -0.04371428 0.03857490
-0.10900486 -0.00958550 -0.09831398
0.14506721 -0.03170919 -0.01335938
0.03334033 0.02216828 0.01682168
0.02812767 -0.04371428 -0.12123540
-0.00177300 0.11687982 0.24708545
0.02372503 -0.00399351 -0.22323599
0.00053012 -0.04373467 -0.25273317
0.13594699 -0.02979875 0.01072260
-0.10061681 -0.00954139 -0.16444215
0.00136137 -0.04841900 -0.04436640
-0.14976752 -0.03111470 -0.01162755
0.03334033 0.02216828 -0.10093005
-0.02728450 -0.04397213 0.04478760
0.00517273 -0.01703024 -0.27389407
0.39358246 -0.00140703 -0.06995206
0.00295031 0.11608756 0.34829998
0.13044584 -0.01606643 -0.21567601
-0.13783109 -0.03020942 0.01159245
0.02187598 0.02187622 0.13781251
-0.11104953 -0.01163018 -0.20819429
-0.12495458 -0.01450431 -0.22332792
-0.15041149 -0.03444564 -0.04357125
0.00104737 -0.09016919 -0.26577392
-0.05188775 0.12152350 0.29188395
-0.10992157 -0.00736368 -0.12745798
0.14581227 -0.03106046 -0.01094162
0.02720892 -0.04272115 0.03832352
-0.19611073 -0.02671146 -0.07741773
-0.11697602 -0.01508999 -0.20589936
0.00326169 0.12347984 0.26917493
0.00711918 -0.01972270 -0.27036786
0.02080715 0.02150822 0.14290285
0.12042809 -0.02766180 -0.20888448
0.00050247 0.11605215 0.35249460
0.00174773 -0.08860242 -0.26286197
0.02848446 0.02606869 0.08557284
-0.14615798 -0.02954602 -0.00168669
-0.12340653 -0.05464732 -0.04336202
0.03027737 -0.03710509 0.08274472
-0.12880540 -0.03587659 -0.19513178
0.00533736 -0.08837663 -0.26265609
0.13242424 -0.08289439 -0.04166520
0.01180005 0.00559845 -0.22393800
0.00979996 -0.05042655 -0.21571359
0.36720014 -0.00479880 -0.03839040
0.00979996 -0.04202213 -0.25213277
0.03910017 0.00553702 -0.09689793
0.00200009 0.03653325 -0.15175350
0.00399995 -0.01965600 -0.27518401
0.00590014 -0.08417588 -0.26375106
0.13756275 -0.00858229 -0.19823265
0.00210464 -0.08767969 -0.26726985
0.01390600 0.03776176 -0.12987185
0.39643681 0.00000000 -0.06494534
0.03305781 -0.03967881 -0.16908789
-0.14373362 -0.00506771 -0.16577578
0.04269958 -0.03098321 -0.09653711
0.00395298 -0.04520810 -0.25447106
-0.12017632 -0.02229452 -0.21019447
0.00057626 -0.01436377 -0.27775216
-0.12729692 0.00139236 -0.21060240
0.13333786 -0.01632965 -0.03523970
0.00172853 0.08575201 0.33100653
0.11543477 -0.00997066 -0.20924985
0.14310980 -0.00887752 -0.16021669
-0.09885240 -0.02907157 0.01063967
0.39984846 0.00249851 -0.03066599
0.00644541 -0.07702339 -0.27028394
0.00570202 0.12663162 0.34191155
0.13085425 0.00462735 -0.14605515
0.00136137 0.04841900 0.31333771
-0.10660243 -0.01205039 -0.15987882
0.09040797 -0.02676857 -0.09390376
-0.09989035 -0.02979314 0.01166265
0.04127014 -0.03009808 -0.09532283
0.39658511 0.00123298 -0.06988905
0.00112689 -0.01484478 -0.27669442
-0.39639974 0.00155139 -0.06878520
-0.10695267 -0.03659034 -0.14048101
0.10582960 -0.00626910 -0.16399801
0.39958465 0.00106204 -0.02743166
0.13813651 -0.02754509 0.01089810
0.00128090 0.12034118 0.24441752
0.00537920 -0.07990861 -0.26994804
0.04186881 -0.03352487 0.01122345
-0.12118316 -0.00581336 -0.21851437
-0.12350857 -0.02003443 -0.02048681
0.00360954 0.12621510 0.34678081
0.01026225 -0.03783965 -0.25793383
0.00472057 -0.08476508 -0.25022724
-0.11034131 -0.02768612 -0.19287181
0.13123190 -0.00692260 -0.21708900
-0.15374482 -0.02020347 -0.20951211
-0.39639974 0.00155139 -0.02813940
-0.38591671 0.00209904 -0.04676738
0.00075722 -0.01428211 0.25046992
-0.12549233 -0.00122690 -0.20808589
0.00388062 0.02260268 0.22726262
0.02923298 -0.03733921 -0.19142580
0.13695669 -0.00880420 -0.20592117
0.00310075 -0.00959575 -0.27080607
0.00129926 0.12506402 0.35410798
-0.09571338 -0.03033507 0.00774980
-0.39167070 0.00181305 -0.03969061
-0.12237191 -0.01912856 -0.02425635
