0.50850445
0.53892213
0.53613162
0.54528314
0.57103270
0.67080033
0.59090465
0.58386075
0.70860732
0.79210407
0.52289641
0.54329056
0.54960531
0.55675411
0.60006988
0.51799196
0.54230177
0.52132517
0.77738088
0.68783784
0.53439265
0.61082882
0.78752601
0.61245733
0.59903181
0.57125616
0.71442723
0.57851321
0.66040403
0.51902187
0.53842407
0.60741806
0.62178487
0.51337016
0.70618075
0.63317144
0.63687962
0.80645585
0.58007115
0.68038970
0.86089259
0.70739484
0.68049371
0.59582013
0.52759957
0.66448158
0.67350155
0.56892556
0.62400585
0.52588147
0.52326834
0.53366804
0.66702121
0.51081032
0.54984301
0.54894149
0.59808224
0.61960644
0.66584945
0.81425476
0.62446463
0.56672233
0.67187440
0.53740764
0.51896954
0.75954485
0.53732449
0.52256662
0.50929374
0.52607024
0.69804209
0.60935259
0.52050215
0.76514488
0.69616926
0.62640762
0.67928821
0.61797345
0.53848058
0.52084988
0.53053409
0.53866589
0.60968167
0.50472939
0.50332403
0.54825711
0.59526837
0.71398103
0.61654830
0.55830050
0.80889612
0.54893172
0.70089626
0.50234777
0.71299857
0.63497710
0.66486752
0.65167743
0.60338396
0.69274551
0.61609364
0.56145978
0.62755644
0.56219399
0.65730822
0.70934355
0.65639859
0.71399105
0.79095876
0.51291192
0.53204393
0.50934929
0.50721073
0.50984848
0.50873101
0.66469157
0.51782811
0.59090197
0.54914349
0.76784396
0.53367937
0.61069387
0.84411854
0.89904112
0.76536888
0.50242364
0.58559477
0.62596893
0.56691253
0.55288506
0.86089265
0.64666009
0.55549705
0.62363982
0.50396013
0.72376913
0.58196199
0.76486933
0.50674444
0.61830157
0.75587410
0.66738814
0.58191687
0.59625083
0.50785959
0.61768109
0.52329588
0.81924868
0.56065804
0.63734782
0.57802576
0.76082176
0.67602980
0.53405935
0.59767419
0.56957430
0.73207474
0.60508293
0.57590640
0.62695253
0.69906926
0.58207077
0.61773247
0.62343776
0.54894149
0.59808224
0.61960644
0.66584945
0.81425476
0.62446463
0.56672233
0.51508927
0.52815890
0.53967023
0.68494225
0.54591364
0.78318805
0.74857610
0.53215444
0.51114583
0.59147036
0.63019550
0.62285227
0.62274230
0.57015467
0.76902652
0.61278468
0.75932497
0.57661080
0.69956118
0.52264094
0.54563767
0.64569879
0.50794154
0.64879620
0.61643422
0.55145437
0.67850161
0.51886505
0.74816346
0.51026976
0.55394453
0.72542441
0.71788418
0.84627694
0.56784707
0.54034340
0.50906575
0.54257482
0.63036764
0.54839647
0.60469073
0.55576271
0.53979331
0.59076989
0.67626780
0.73614830
0.51228684
0.53819585
0.55497599
0.51513064
0.79898006
0.83808535
0.65565968
0.58702064
0.59778547
0.72822320
0.63959825
0.52997667
0.55528003
0.55735475
0.52527219
0.52025759
0.67742568
0.75791740
0.59722221
0.53677559
0.78743333
0.65312594
0.55186474
0.84284997
0.80152410
0.57139122
0.59349763
0.66360784
0.58459425
0.56678456
0.69034827
0.59708446
0.54262561
0.79550493
0.61295748
0.58227181
0.74492025
0.50145346
0.88857764
0.63449848
0.72805452
0.74894005
0.64715499
0.75352293
0.64796871
0.60972500
0.54694957
0.61752582
0.72865671
0.57664067
0.76003438
0.73242044
0.71309698
0.64167738
0.50675803
0.52861440
0.71279413
0.61651164
0.56578863
0.50203782
0.53473109
0.58207083
0.61337215
0.59550589
0.51075310
0.54834777
1.00000000
0.57623994
0.58644521
0.59492087
0.82358760
0.59568411
0.52992719
0.51793885
0.51613504
0.52089012
0.52032053
0.55160463
0.55408800
0.73368210
0.51928014
0.67536503
0.55465925
0.54732728
0.69688004
0.60101032
0.67773640
0.79935825
0.61901969
0.55774349
0.50001985
0.56826174
0.65498513
0.61781907
0.52982748
0.52872604
0.56954068
0.56938118
0.73143762
0.57227135
0.56583524
0.71788836
0.75955391
0.53405493
0.57321429
0.61206686
0.52543151
0.63940859
0.84222114
0.59939921
0.74121165
0.54621613
0.54090387
0.68457830
0.50127792
0.61166984
0.54491532
0.58313614
0.84399915
0.76732820
0.51691437
0.51232666
0.51129174
0.58430207
0.57018238
0.53789496
0.69578677
0.57528913
0.58516818
0.76471364
0.56198645
0.72083282
0.54081213
0.56952226
0.53489327
0.61412579
0.89376312
0.51725292
0.52323604
0.57567567
0.54641724
0.58055115
0.54185432
0.69940323
0.75924587
0.50087333
0.58485681
0.78771973
0.54927146
0.72241390
0.73905694
0.58846140
0.70119852
0.63822401
0.61211687
0.89060724
0.58225381
0.88857770
0.66383171
0.54241109
0.57496798
0.52333343
0.68779743
0.50918013
0.71805495
0.67927688
0.62902689
0.67159742
0.58302563
0.62285227
0.57965636
0.52126813
0.61166984
0.51449692
0.50219679
0.53236330
0.51075310
0.54834777
1.00000000
0.57623994
0.58644521
0.59492087
0.82358760
0.59568411
0.70247620
0.50230771
0.58651298
0.54607844
0.53628886
0.50080675
0.56547534
0.55641991
0.72101408
0.78016698
0.67027843
0.62371618
0.52256668
0.71583241
0.50095260
0.88078803
0.53601676
0.59682393
0.58827537
0.53709733
0.53848064
0.52939957
0.62448645
0.91743773
0.50016874
0.53397071
0.81609464
0.59052700
0.58109081
0.54701734
0.56573755
0.50544584
0.50701290
0.55733728
0.51742828
0.69795078
0.62831551
0.72296053
0.51872069
0.50708616
0.57422853
0.68298292
0.53613490
0.55033016
0.56010145
0.56641203
0.63291895
0.62755644
0.50325918
0.72626936
0.78516114
0.64042056
0.85275483
0.52971178
0.53454179
