0.00181796 -0.00616061 -0.36317137
0.00247371 0.03391421 -0.31020129
0.00393870 0.02604137 0.39077941
-0.34812623 0.00659982 0.15881735
-0.03615747 -0.01745281 -0.10383515
0.35341299 0.00720631 0.15112609
0.03410284 -0.01935713 -0.11352424
-0.12409359 0.02965948 0.39093062
0.12555799 0.02967919 0.38975272
0.00343732 0.13934398 0.38867560
-0.03527889 -0.01676549 0.02297080
0.03578242 -0.02008489 0.03257193
-0.09304477 -0.02810550 -0.12343659
0.08871716 -0.02646427 -0.12792426
-0.20386349 -0.01428713 -0.02552675
0.20321822 -0.01713054 -0.02849120
