366 264
379 259
344 290
357 267
346 254
300 227
280 217
368 276
368 241
305 213
310 259
307 157
332 219
354 291
313 139
264 217
320 355
333 329
343 271
284 117
378 278
226 138
276 253
343 287
367 252
278 243
336 243
306 131
354 287
315 244
311 273
332 148
265 211
306 147
345 249
366 239
367 212
263 253
300 248
378 252
319 369
342 269
308 249
297 289
312 103
357 218
220 172
321 105
285 215
311 289
306 346
334 353
278 269
315 255
319 111
335 336
283 94
319 338
307 263
306 238
298 297
333 160
277 284
284 243
344 245
404 144
351 270
342 257
367 225
346 93
310 116
328 257
266 287
376 225
343 271
329 332
345 327
318 101
309 158
320 343
322 251
322 229
334 226
302 318
302 270
327 358
325 210
342 241
342 230
317 168
319 368
307 112
304 344
322 256
320 324
309 95
343 239
305 139
333 169
303 267
305 308
263 125
322 253
341 257
280 268
369 213
279 281
372 225
326 348
322 145
306 159
344 274
318 356
286 243
338 347
269 282
383 223
311 132
305 240
316 131
285 113
411 136
355 271
341 270
270 252
371 253
343 289
281 251
319 101
370 239
277 239
327 358
282 91
384 253
318 368
355 289
324 124
416 172
360 215
287 217
303 223
299 287
308 104
237 188
368 266
354 270
328 148
371 279
340 272
310 131
320 337
343 288
384 264
283 220
303 212
270 220
382 281
306 323
353 290
358 239
319 125
307 120
298 259
233 146
325 159
346 262
349 245
382 250
255 233
385 260
299 252
383 229
259 203
360 278
259 225
284 264
296 265
244 231
396 262
305 232
334 237
308 171
313 157
348 277
342 239
315 233
296 233
286 231
321 216
320 343
248 197
368 231
347 288
259 240
257 253
382 239
306 244
298 289
286 249
245 213
312 280
243 252
383 252
345 269
335 244
300 270
329 130
285 289
297 249
396 252
349 248
195 176
369 217
435 180
360 288
319 369
395 214
384 210
257 209
315 104
307 149
259 255
348 248
345 260
324 123
297 258
313 258
382 228
255 238
308 149
287 288
334 248
346 275
298 287
258 268
384 240
331 310
385 210
305 94
306 273
247 271
309 124
305 254
357 275
326 320
441 172
364 111
321 288
306 240
302 249
329 315
318 106
301 275
312 203
327 358
325 210
342 241
342 230
317 168
319 368
307 112
304 344
322 256
305 197
321 192
322 255
343 242
306 271
318 98
386 240
260 255
331 177
323 143
303 274
348 278
258 268
383 228
296 289
346 261
247 268
307 162
305 113
284 290
360 277
436 174
304 238
272 236
318 345
310 146
397 239
385 253
346 288
260 252
304 89
298 287
384 240
302 102
308 130
398 253
345 272
271 216
285 287
332 148
321 103
444 191
444 175
260 240
247 252
303 274
304 227
359 288
369 216
203 180
318 368
358 259
345 262
310 136
287 262
398 247
356 276
381 251
305 257
305 176
346 275
322 324
331 162
322 138
395 262
248 232
384 260
447 231
196 173
260 228
296 264
294 249
294 261
258 250
331 170
335 232
306 173
291 244
315 159
355 264
340 252
291 277
243 261
384 232
344 265
353 230
257 229
381 203
326 231
279 278
299 239
255 260
395 231
317 343
325 154
380 225
328 262
333 220
392 197
343 233
256 252
258 239
381 240
355 289
383 253
395 212
293 288
342 289
291 249
396 253
353 248
294 269
343 249
307 243
331 132
310 129
244 252
325 239
307 149
335 244
327 280
205 195
280 288
340 271
271 217
245 214
445 176
256 211
368 216
333 344
383 209
318 368
324 103
295 260
322 325
292 248
257 228
332 149
342 288
379 256
316 123
342 258
294 275
306 168
256 241
382 268
311 144
336 93
254 210
353 288
307 249
395 239
311 317
394 270
282 274
384 238
314 330
339 271
198 172
245 240
328 123
308 306
293 278
318 289
333 239
321 105
309 315
337 249
297 230
320 234
337 277
313 210
320 168
296 230
317 290
369 111
331 111
318 369
309 356
296 353
370 97
296 240
306 228
335 344
317 256
317 278
318 193
296 244
321 99
255 228
380 268
354 265
313 159
378 255
307 177
290 278
252 240
292 261
278 276
341 288
316 143
305 233
354 290
337 273
332 113
240 239
328 146
391 268
365 236
201 174
331 176
293 271
240 253
378 252
292 288
435 194
353 287
253 253
254 239
335 102
317 103
194 175
340 287
306 149
377 241
311 128
332 345
279 287
391 252
317 368
269 216
435 180
367 216
332 148
293 262
254 252
316 138
392 217
351 262
242 262
292 275
317 324
328 136
375 228
389 233
282 276
341 264
253 261
268 230
442 173
305 169
283 267
273 263
294 254
340 227
259 258
334 175
317 147
271 276
307 163
295 289
338 151
297 270
285 290
271 241
261 278
327 230
371 179
360 217
318 355
332 158
333 212
325 138
356 118
375 218
335 333
302 331
413 139
297 287
333 132
272 252
375 212
261 223
282 217
312 358
363 253
285 253
301 355
262 252
376 253
340 249
304 244
313 126
307 149
329 273
327 103
361 243
272 212
298 268
334 147
326 244
294 249
343 289
319 369
355 107
285 287
274 239
419 172
328 290
359 92
333 222
334 345
240 186
308 345
361 270
260 193
315 130
332 263
313 258
321 338
272 226
320 112
363 285
308 326
358 94
354 244
303 335
306 161
296 246
262 225
343 118
297 271
330 115
326 256
236 145
333 239
293 94
287 270
334 146
340 266
310 333
316 250
318 343
294 327
321 100
333 250
317 228
296 239
304 327
337 269
313 210
320 168
296 230
317 290
369 111
331 111
318 369
309 356
296 353
370 97
296 240
306 228
335 344
317 256
334 139
298 312
318 324
296 253
376 127
296 241
375 140
334 309
297 257
358 268
359 281
269 213
294 274
266 225
343 273
320 356
333 158
320 129
352 243
283 272
255 222
227 136
368 282
334 240
328 135
302 348
340 298
352 110
306 228
295 289
358 252
267 253
268 239
338 103
298 272
254 253
369 252
319 368
352 217
356 91
307 147
278 215
335 224
283 289
361 239
305 350
401 183
306 228
311 357
329 104
338 287
269 266
284 271
297 272
296 288
306 161
355 221
319 337
320 125
305 316
285 290
367 221
335 213
332 324
256 281
267 280
331 120
278 240
337 264
404 146
