0.72018594
0.15332557
0.07156043
0.00012439
0.43794850
0.40729132
0.00202123
0.01522410
0.34037885
0.02944118
0.00243375
0.00175631
0.05312183
0.01357889
0.23990339
0.11735532
0.11443419
0.01318884
0.20121504
0.01992193
0.09517390
0.08177180
0.00431267
0.02925231
0.04312755
0.52615613
0.50866711
0.04026293
0.09481177
0.40692878
0.40543851
0.00990998
0.35201806
0.05765904
0.31040969
0.30300060
0.29751801
0.16354580
0.27392831
0.27319729
0.25261924
0.24735706
0.23522511
0.20846480
0.20723458
0.00582019
0.17650536
0.02590154
0.11245460
0.14262456
0.01053297
0.10578205
0.67931312
0.45547882
0.45346072
0.35888654
0.07371142
0.08261397
0.28983498
0.24751782
0.09658603
0.09508228
0.03591095
0.22932802
0.22761536
0.21145952
0.20779327
0.03576768
0.04956263
0.15562797
0.02183964
0.00070471
0.11737158
0.12735996
0.00617839
0.20498154
0.36278096
0.16929133
0.27335259
0.14324647
0.20923041
0.12899190
0.10026667
0.00300079
0.00955659
0.02803591
0.03696170
0.02357188
0.01638409
0.06220616
0.10414435
0.23490497
0.02112111
0.11265934
0.35922393
0.26663873
0.01902295
0.24603602
0.12947480
0.06531633
0.00219958
0.13297999
0.10377604
0.00843965
0.04238069
0.42399064
0.02221744
0.02667327
0.07486463
0.30375114
0.30560523
0.09813219
0.27517384
0.14029741
0.23889656
0.11017563
0.09823740
0.00589373
0.19400105
0.05201925
0.15684177
0.15378386
0.05008896
0.02377915
0.06812661
0.08184575
0.04969881
0.01015056
0.44741482
0.42784333
0.35954493
0.00343890
0.14760835
0.12012383
0.10871051
0.13162258
0.23692229
0.09641593
0.07706916
0.18207914
0.09910671
0.16749154
0.14469519
0.14248571
0.01586899
0.01427104
0.17169170
0.02277397
0.00133582
0.43351609
0.01328316
0.00363172
0.00058921
0.05195854
0.22050765
0.23664078
0.06698308
0.00485719
0.05523947
0.06102759
0.01356369
0.17353651
0.01150932
0.07646790
0.08116017
0.44259623
0.44208944
0.43112823
0.01383400
0.01856269
0.38151702
0.38067904
0.35891294
0.05564437
0.34005418
0.09528831
0.01859498
0.08384682
0.06583735
0.29620218
0.28073701
0.14310005
0.02504068
0.10338408
0.25659591
0.24623543
0.23596641
0.21361130
0.00067355
0.02638820
0.16490385
0.02844481
0.05505423
0.54059207
0.06865720
0.52505374
0.52252924
0.05675470
0.46130246
0.45033112
0.41885063
0.03642257
0.11679020
0.40500659
0.38515908
0.38395885
0.35569757
0.06772495
0.32289857
0.09617361
0.24783169
0.15655418
0.01305604
0.19518051
0.18299145
0.10256761
0.17227426
0.15877400
0.13216452
0.13016562
0.00570295
0.60951644
0.54372138
0.53305519
0.00555427
0.44548693
0.42706129
0.34870109
0.32310808
0.28828031
0.08185107
0.26916134
0.05739575
0.00219620
0.02529758
0.00185173
0.06046686
0.17778477
0.07590824
0.10102478
0.04557730
0.01198340
0.13349473
0.13310936
0.01763387
0.12827261
0.12771088
0.07904378
0.00390333
0.05081908
0.00056606
0.23716745
0.00281353
0.00255641
0.02803591
0.03696170
0.02357188
0.01638409
0.06220616
0.10414435
0.23490497
0.02112111
0.11265934
0.28894559
0.00772493
0.00026052
0.20414838
0.00550690
0.17479986
0.00219863
0.43255714
0.09904847
0.04024500
0.19298761
0.02323861
0.07294968
0.32417047
0.05917934
0.30743161
0.01830372
0.00110636
0.25515953
0.24428076
0.21062578
0.20364404
0.19630408
0.04835699
0.04893474
0.03774717
0.04214165
0.03986872
0.04923050
0.14834447
0.07241326
0.11829019
0.01801741
0.02382879
0.12499657
0.12532748
0.01248909
0.03848663
0.07335187
0.04795376
0.12322412
0.27151105
0.27130112
0.26699185
0.19540685
0.07349852
0.21366224
0.10843202
0.04258352
0.17115721
0.07761350
0.00110227
0.41137555
0.39044917
0.01599771
0.00022846
0.03228835
0.02823164
0.02912214
0.00052902
0.01787463
0.01014837
0.01119796
0.22275925
0.11135912
0.08871543
0.00380659
0.02500957
0.13987863
0.00691431
0.00492804
0.10093676
0.56298840
0.51755989
0.00928516
0.43389529
0.01209378
0.40901375
0.06513276
0.02806525
0.37463948
0.02291398
0.13084100
0.00807326
0.00264783
0.32075551
0.31818905
0.23551314
0.26486892
0.06899646
0.25955871
0.02282691
0.06107897
0.02525655
0.04235000
0.15528379
0.15429357
0.05451886
0.13875419
0.11842127
0.01257565
0.62117362
0.60684156
0.02566195
0.04043448
0.48947924
0.11289014
0.05760017
0.40906981
0.04846366
0.39904222
0.37080798
0.35162768
0.34265408
0.33718252
0.04539611
0.12564114
0.31487504
0.01766659
0.30020732
0.28750288
0.27223507
0.17154542
0.24409139
0.05544845
0.23655877
0.10397741
0.21624587
0.03163383
0.15615599
0.14844026
0.09083630
0.13847807
0.61814904
0.02614053
0.57992113
0.37277853
0.22669360
0.00546169
0.02047223
0.06873720
0.30847734
0.01977741
0.07141151
0.05792017
0.01159072
0.25893760
0.25887841
0.25750738
0.05635925
0.23425165
0.20776443
0.06365503
0.04951030
0.03577507
0.19279146
0.06834105
0.16017516
0.13769014
0.12845102
0.11763879
0.04178680
0.08976700
0.00390741
0.02888127
0.31878811
0.04603766
0.08573963
0.00399923
0.11952046
0.03965327
0.00821288
0.00364493
0.05041530
0.46872514
0.02950962
0.39114892
0.36584201
0.00719314
0.30471241
0.29643658
0.00697954
0.23989686
0.08465909
0.02796036
0.02314029
0.03582744
0.25802544
0.25300470
0.67306095
0.03739894
0.44793871
0.16271698
0.41266695
0.11213197
0.03300663
0.00226090
0.32782939
0.04959602
0.00882048
0.27475736
0.27231786
0.26783752
0.00291792
0.21403196
0.17533220
0.01458876
0.02386985
0.01104137
0.14217153
0.00717124
0.56851280
0.06736778
0.08188095
0.08577972
0.07853836
0.16988073
0.01930656
0.35119304
0.06952818
0.06680957
0.33520579
0.00611664
0.12236311
0.30212900
0.11748479
0.04300701
0.00917293
0.13193625
0.11049289
0.04078215
0.15873340
0.07139181
0.00112191
0.67759359
0.00050408
0.36660102
0.00049937
0.01490375
0.07392859
0.03646673
0.02340661
0.19708692
0.07862259
0.17456159
0.07018594
0.05540923
0.02423852
0.12688427
0.12235286
0.00345878
0.00215405
0.70177299
0.62848794
0.49442813
0.00404285
0.00685065
0.00562549
0.01734205
0.00251390
0.00560560
0.00540093
0.34996969
0.00718273
0.33373785
0.21386550
0.30275077
0.26088977
0.07766227
0.24481718
0.24388489
0.22319137
0.22024977
0.20946212
0.10226920
0.05393631
0.11727891
0.11199130
0.07659594
0.06420330
0.03674842
0.52630109
0.13949774
0.09235766
0.02760039
0.01834853
0.05456661
0.42324901
0.06887172
0.06144235
0.38048571
0.37144870
0.01336093
0.07719856
0.35854793
0.33114114
0.32628170
0.29735532
0.28524169
0.27874026
0.26047301
0.25932902
0.10935653
0.24273983
0.06982850
0.14297545
0.20613112
0.17810681
0.17081617
0.15371397
0.15307260
0.01852425
0.07059284
0.00326802
0.52654755
0.10088170
0.04467060
0.44756043
0.00095814
0.05306894
0.02622662
0.00687825
0.02428611
0.02664777
0.26960483
0.00572558
0.21764208
0.12360459
0.05201328
0.19509608
0.19018586
0.00501438
0.17730552
0.16394754
0.09077670
0.15620062
0.12901668
0.14008959
0.13341832
0.12474106
0.08783851
0.34211436
0.31285936
0.26627752
0.25345418
0.01827750
0.12499139
0.05015436
0.11237383
0.03871250
0.00821288
0.00364493
0.05041530
0.46872514
0.02950962
0.39114892
0.36584201
0.00719314
0.30471241
0.29643658
0.00697954
0.23989686
0.08465909
0.02796036
0.02232338
0.34163269
0.10871100
0.25973710
0.04053587
0.01052005
0.10063835
0.12759618
0.01405920
0.03267882
0.08572340
0.49141687
0.17808457
0.18389256
0.00214496
0.30256891
0.29095176
0.27792650
0.09674619
0.05976475
0.03072932
0.17297928
0.03076992
0.12058951
0.03722553
0.15764201
0.14264452
0.05425346
0.12705775
0.02505982
0.03600926
0.02391761
0.52664149
0.01220371
0.00597632
0.04660698
0.34873405
0.04804064
0.02453618
0.30459294
0.00063853
0.13308382
0.02291006
0.22129148
0.22039871
0.21587220
0.18307972
0.16660479
0.04177675
0.13438803
0.04051242
0.72108924
0.00110474
0.54702729
0.02330371
0.01258547
0.16264589
0.00000412
0.01172590
0.27172524
0.06835955
0.25316000
0.04294759
0.04582319
0.03249931
0.01576393
0.16767825
0.05370310
0.04237288
0.11250819
