0.18128514 -0.00896800 0.00019467
0.24669981 -0.00391960 0.05149496
0.07968187 -0.01420820 -0.13666141
0.13839197 -0.01198876 -0.03183365
0.07835984 -0.02577841 -0.02227116
-0.10030556 -0.02336848 -0.01852787
-0.16346717 -0.01120937 -0.01151931
0.18982506 -0.00750113 -0.03700507
0.19405770 -0.00894248 0.08889496
-0.07598519 -0.01697695 0.04550362
-0.03877151 -0.00011683 -0.08304846
-0.00442839 0.05184352 0.33484828
0.01551151 -0.03273940 0.06451237
0.10526860 -0.02816427 -0.13478220
-0.01188576 0.01845789 0.38244581
-0.21632278 -0.00698411 -0.03719401
0.00033760 0.00033760 -0.36267447
0.02489507 -0.02341807 -0.28570724
0.06938112 -0.02138352 -0.08194649
-0.12633979 0.02691269 0.40374815
0.21903443 -0.02030563 -0.03643620
-0.35391426 0.00360739 0.16082025
-0.19389868 -0.02997136 -0.03424736
0.06982458 -0.02287233 -0.13394296
0.18504357 -0.01109529 -0.03541050
-0.16908634 -0.01051867 -0.00800887
0.03318763 -0.03050041 -0.00844391
-0.00473595 0.05168819 0.31063366
0.09771752 -0.03973460 -0.13435538
-0.04706895 -0.02760160 -0.01101240
-0.05485594 -0.01981461 -0.09085229
0.01684177 -0.03070080 0.25773570
-0.21564996 -0.01090705 0.07633597
-0.00069940 0.05585396 0.26564288
0.07523608 -0.02559686 -0.02566789
0.18295705 -0.00900877 0.00295088
0.18653262 -0.00975573 0.08268750
-0.22195339 -0.01011896 -0.03416254
-0.09921753 -0.02240455 -0.02172600
0.21387148 -0.02889204 -0.03551580
-0.00891042 -0.00494862 -0.36139029
0.07201207 -0.01685750 -0.08283488
-0.07297301 -0.02658749 -0.02459970
-0.11035132 -0.02230167 -0.13264178
-0.01184547 0.02004826 0.38620642
0.13972473 -0.01272821 0.06409755
-0.35331559 0.00527787 0.17242335
0.03235781 0.02831209 0.38620293
-0.14391732 -0.01079750 0.06723563
-0.03707707 -0.00167215 -0.13630208
-0.02512789 0.03064370 -0.29859006
-0.00727975 -0.06187522 -0.31159607
-0.16972768 -0.00933576 -0.00637782
-0.04710710 -0.02749968 -0.01363802
0.02437270 0.02804554 0.38410628
-0.00058007 -0.06373596 -0.31788778
0.00156176 0.13987482 0.40193737
-0.00862849 -0.00433409 -0.35798657
-0.07835948 -0.02762234 -0.02474844
-0.02889216 0.02666104 0.00798845
-0.10919964 -0.02169514 -0.13089442
0.02254558 -0.02600944 0.26050091
-0.19324565 -0.02969861 -0.03345764
-0.14668548 -0.01099372 0.06904685
0.07211173 -0.02528358 -0.04098630
0.35250807 0.00379288 0.16698802
0.08808672 -0.04031968 -0.13149953
0.07119620 -0.01910841 -0.08647585
0.18472934 -0.01111794 -0.03267527
0.12425399 0.02682114 0.40153027
-0.01085997 0.02552748 0.38342166
-0.00360954 -0.03542936 -0.03903866
-0.22345829 -0.01907861 -0.03278530
0.20102847 -0.03197396 -0.03047740
0.07032251 -0.02494681 -0.13389111
0.00614965 -0.02301817 -0.32661045
-0.00747299 -0.06377344 -0.32133150
-0.35338724 0.00533475 0.17095387
-0.00889766 0.03390998 0.34859228
0.00600123 0.00000000 -0.36238289
-0.03689575 -0.00544027 -0.07921124
-0.03689075 -0.00557663 0.00648522
-0.09583855 -0.03783622 -0.04233003
-0.00417054 0.04643122 -0.28871310
-0.01036489 0.04868505 -0.12511671
-0.00790000 -0.01962529 -0.33082631
-0.03330016 -0.01387519 0.08325112
-0.04299998 -0.06081075 -0.00276413
-0.01370001 -0.06153593 0.02797087
-0.03719997 0.00831195 0.19948681
-0.00590014 0.00280586 -0.35915038
0.00000000 0.03656250 0.36000001
-0.00790000 0.04485780 -0.29157573
-0.03719997 -0.00554130 -0.04433040
-0.00698245 0.00000000 -0.36053634
0.12609696 0.02849591 0.40512109
-0.01188612 -0.06418035 0.01583242
0.00084984 0.03790125 0.36005986
0.00398386 -0.03393439 0.25811803
-0.00014830 0.04930616 -0.11059856
-0.01664698 0.04525200 -0.27346826
0.00246465 0.14214589 0.40311134
-0.03539920 -0.00559418 -0.01602459
-0.06669736 -0.01421702 -0.08296657
0.18335688 -0.01692653 -0.00075138
-0.18088877 -0.00623500 0.00196815
0.19614697 -0.02606463 -0.03618979
-0.18471086 -0.01209903 -0.03713977
-0.00950098 -0.01249862 -0.34144068
-0.01956165 0.01104760 0.33493006
0.00049615 0.05784130 0.26363170
-0.07038248 -0.02097213 -0.13678539
0.00750053 -0.00019825 -0.36294270
0.15150845 -0.00909066 0.06941676
-0.00623548 -0.06099463 -0.31872392
0.22057128 -0.00868917 -0.03648365
-0.21077716 -0.02707434 -0.03626800
0.00563526 0.03315318 0.38934290
0.07585394 -0.01432788 0.04509091
-0.00946009 0.02666259 0.38790190
0.00280643 0.14445162 0.39192641
-0.35218811 0.00664139 0.16258776
-0.09788418 -0.03501832 -0.13337600
-0.06744635 -0.01483786 -0.08311950
0.21318698 -0.00219774 -0.03580605
-0.18740880 -0.00497544 -0.03467588
-0.07804608 -0.01171970 -0.13522714
0.18709946 -0.02276993 -0.03277395
-0.02569020 0.02960551 0.38482320
-0.18285322 -0.00607681 0.00267188
0.18685329 -0.00646985 0.00296629
-0.01532423 -0.01249588 -0.33160949
0.00205982 0.14305675 0.40235031
-0.22216499 -0.01766980 -0.03444772
0.00532413 0.00263691 -0.36027360
-0.10811996 -0.02793431 -0.13468692
-0.02034390 0.00454605 0.32395321
-0.34986508 0.00651658 0.17197201
-0.14289129 -0.01023829 0.06767438
0.14725125 -0.01015103 0.06756739
0.08446896 -0.01495039 0.04915699
0.09684563 -0.01077604 -0.13621128
0.01820338 0.02937543 0.38129130
0.35378695 0.00857735 0.16052985
-0.17582095 -0.00778186 -0.00210798
-0.10732114 -0.02738297 -0.06296372
-0.01691830 -0.01268816 0.29697406
-0.19383752 -0.00156510 -0.03327000
-0.06372356 -0.01657057 -0.08768225
0.00106668 0.03510284 0.35844719
-0.00316358 0.00316358 -0.35810649
-0.08302593 -0.00967085 -0.13085878
-0.22132468 -0.02009857 0.02220857
0.16147017 -0.00809908 -0.01298833
0.08358693 -0.01518011 0.04819167
0.21165001 -0.00144041 -0.03372645
-0.22114515 -0.01562393 -0.03283560
0.01850903 0.04065478 -0.29269159
-0.10761690 -0.02517295 -0.13301933
-0.13328886 -0.01135600 0.06426287
-0.02497125 0.02854788 0.38295817
0.01797748 0.02904296 0.38141799
0.10545909 -0.01296687 -0.12839079
0.35364819 0.00698125 0.16410947
0.02411294 0.02581751 0.38200426
0.06870604 -0.01969075 -0.08289099
0.07621610 -0.02756667 -0.02363348
0.18123984 -0.01028347 0.00101697
-0.18884194 -0.01166582 -0.03620422
0.18791878 -0.01128602 -0.03670430
-0.06561917 -0.02009320 -0.08165824
0.18859428 -0.01060104 0.08659184
-0.18319505 -0.01034713 0.08496714
0.10622215 -0.02367222 -0.13527000
-0.17894173 -0.01016426 -0.00120890
-0.10635167 -0.02059484 -0.13673961
-0.07408315 -0.02378225 -0.13470292
-0.21943268 -0.01083875 -0.03638387
0.22047746 -0.01242828 -0.03680038
-0.05193216 -0.02847493 -0.00972462
0.03213143 -0.02895963 -0.00612366
-0.03066087 0.02580261 0.30809617
-0.01495028 0.02627981 0.37909341
0.07304162 -0.02030337 -0.13721395
0.05598068 -0.02771246 -0.00614059
-0.02325901 -0.02916455 -0.00621605
-0.07737273 -0.02759683 -0.01988518
-0.10488081 -0.02332723 -0.01590240
-0.00795871 -0.03637004 0.05841911
-0.00051850 -0.00172830 -0.36242819
-0.21542293 -0.00732327 0.10288799
0.14035195 -0.01371932 0.06196928
0.07023501 -0.02931833 -0.13457341
-0.17775708 -0.00994110 0.00000000
-0.18687683 -0.02557993 -0.03541882
0.18221426 -0.00987530 0.00286076
-0.04890442 -0.02823806 -0.01106505
-0.07368678 -0.03500223 -0.13479716
-0.10432827 -0.02173805 -0.02479815
-0.21738678 -0.01235533 0.07368064
-0.02971780 -0.02167439 -0.11118151
-0.22420859 -0.01845217 -0.03264165
0.18356895 -0.01435328 -0.03427650
0.06794429 -0.01839948 -0.08162449
0.03506649 -0.02889466 -0.01117080
-0.06376541 -0.01970816 -0.08311950
0.03467125 0.02624416 0.31371862
-0.10941386 -0.03044415 -0.13447194
-0.07427371 -0.02668285 -0.02483764
0.21769571 -0.02866316 -0.03422385
0.07748550 -0.02533340 -0.02248200
-0.35165012 0.00349331 0.17296560
0.14193273 -0.01209402 0.06544305
0.35314441 0.00409770 0.17586449
0.10775548 -0.03232646 -0.13500001
-0.00495541 -0.00676107 -0.36166602
0.22144377 -0.01141238 0.07466648
0.18840706 -0.00964499 0.08589038
-0.18343121 -0.01022243 0.08500782
-0.00963485 0.01708937 0.38458079
-0.03824598 -0.00084567 0.25472948
-0.17866480 -0.00876355 -0.00019896
0.07463670 -0.02697921 -0.02714109
0.07008064 -0.01701415 -0.08345389
0.01899272 0.02792120 0.38101637
-0.07482743 -0.02571929 -0.02547050
-0.02931145 -0.02924514 -0.03514719
0.18073750 -0.01052570 0.00711942
-0.18719739 -0.01216447 0.07017279
-0.02429172 0.02711761 0.30795455
-0.10849237 -0.03284311 -0.13030219
0.03235906 -0.02894628 -0.01345611
0.07046783 -0.02852702 -0.13431811
-0.07708248 -0.03740692 -0.13108122
-0.18740600 -0.02638805 -0.03172195
0.18482262 -0.02159345 -0.03105807
0.03028691 -0.01512027 -0.28837609
0.18576157 -0.01152956 0.07528102
0.00095624 0.13945103 0.39952707
-0.04750174 -0.01874495 -0.10065341
-0.21875045 -0.02583468 -0.03493345
-0.00201517 0.09371328 0.33598340
-0.05192372 -0.02741313 -0.01465499
0.10068607 -0.03897119 -0.13294959
0.01164037 -0.02474093 -0.31761408
0.35016733 0.00142467 0.16300118
0.12523520 0.02649498 0.39729512
0.14517498 -0.00286515 0.00530815
-0.01235598 0.03869775 -0.04118633
-0.01172727 0.04817273 -0.12291360
0.21352816 -0.02562840 -0.03148460
-0.35373297 0.00573908 0.15905237
0.00729930 0.04771755 -0.28157234
-0.01558071 0.02555820 0.35943580
-0.00790000 -0.01962529 -0.33082631
-0.03330016 -0.01387519 0.08325112
-0.04299998 -0.06081075 -0.00276413
-0.01370001 -0.06153593 0.02797087
-0.03719997 0.00831195 0.19948681
-0.00590014 0.00280586 -0.35915038
0.00000000 0.03656250 0.36000001
-0.00790000 0.04485780 -0.29157573
-0.03719997 -0.00554130 -0.04433040
0.00178438 0.03641963 0.35738468
0.13724077 -0.00283882 0.01674175
-0.03460497 -0.00567315 -0.03272390
-0.01151943 -0.06413119 0.01899076
-0.01804388 0.04343535 -0.27456427
0.35324788 0.00547538 0.17540216
-0.18472546 -0.01711607 -0.03513908
0.18453848 -0.01548159 0.00534463
-0.03578100 0.00470936 0.24689782
-0.01844805 0.02930892 0.38209677
0.05385464 -0.01624477 -0.10020328
-0.07089308 -0.02789283 -0.13659155
0.19086659 -0.02229118 -0.03733706
-0.18070945 -0.00654554 0.00241756
0.07868028 -0.03250039 -0.13518333
-0.06946373 -0.01676798 -0.08353710
0.22257090 -0.01736259 -0.03339016
0.03245765 0.02928424 0.31027389
0.00411397 0.14353943 0.39920330
0.11084640 -0.02483726 -0.13717008
-0.10326964 -0.03258991 -0.13721395
-0.34740755 0.00938058 0.15581679
0.05293041 -0.01677322 0.03789723
0.14825463 -0.00895834 0.06511164
0.00670713 -0.00470865 -0.36250293
0.02331412 0.02987361 0.38140893
-0.21455234 -0.02256799 -0.03453434
-0.18488145 -0.00848317 -0.03590437
-0.07157111 -0.01531172 -0.13468140
0.18637884 -0.01748180 -0.03469905
0.00323147 0.13763285 0.40245083
0.07260966 -0.02300596 -0.13445584
-0.18179929 -0.00964665 0.00000000
0.04367405 0.02949333 0.38568756
0.02644110 0.02839518 0.30694950
-0.22006452 -0.01496649 -0.03584734
-0.06734717 -0.02020431 -0.09000000
0.14992625 -0.01004291 0.06892291
0.11076665 -0.01970267 -0.13486826
-0.03501594 -0.00027347 0.25773570
-0.01165420 0.02918172 0.38048840
-0.35026062 0.00506687 0.13199681
-0.35026062 0.00506687 0.17509782
0.18222529 -0.00640845 0.00000000
0.22307956 -0.00845528 -0.03472470
0.05533278 -0.01597404 -0.09681840
0.05260527 -0.01679230 0.03701880
-0.10746574 -0.02200842 -0.13447081
-0.13887268 -0.01107192 0.06670890
0.35474920 0.00651073 0.17520976
0.00480878 0.00353050 -0.35971200
-0.10665858 -0.02220953 -0.06617010
-0.07005477 -0.01652300 -0.08342803
0.01761341 0.02823150 0.38083148
0.10589278 -0.01408768 -0.13196373
-0.22047263 -0.01241481 0.02260506
-0.10392946 -0.01748633 -0.13223886
-0.17455849 -0.00819600 -0.00181317
0.05106765 -0.01802325 -0.09922552
0.03434718 0.02200198 0.24245322
-0.07486016 -0.01369274 -0.13294959
-0.00644773 -0.00000942 -0.35756302
-0.02683830 -0.00995743 0.27875400
-0.01344103 0.02746105 0.38081551
-0.21648321 -0.00730538 -0.03219557
0.21914524 -0.00541115 -0.03322363
-0.18490309 -0.00761938 -0.03368425
-0.34930220 0.00482452 0.13325953
0.35547125 0.00693524 0.16476166
0.18551970 -0.01644993 -0.01824975
0.07839268 -0.01521111 -0.13345206
0.08233690 -0.01242101 -0.07014787
-0.06815970 -0.02151191 -0.08090591
-0.18068671 -0.01164174 -0.00035024
0.02763215 0.02539921 0.31322932
0.05229235 -0.02978730 -0.01105142
-0.05297434 0.02563548 0.32553101
-0.07614088 -0.02804482 -0.02024138
-0.02372342 0.02455819 0.38048935
0.10346600 -0.01999080 -0.13546228
0.06339303 -0.02228844 -0.08302212
-0.07612848 -0.01966131 -0.13589060
-0.22147113 -0.01777399 -0.03739083
0.18704230 -0.01567304 -0.03562844
0.07408315 -0.02378225 -0.13470292
0.10244828 -0.02455652 -0.01251125
-0.18807572 -0.01186097 0.08526075
0.18344873 -0.01164651 0.08359575
0.02625000 -0.02937007 0.00052464
-0.10780656 -0.02720821 -0.13784707
-0.05240285 -0.02957642 -0.00884151
-0.18791878 -0.01128602 -0.03670430
0.21657372 -0.01020300 -0.03498578
-0.00674850 -0.00390840 -0.36242819
0.01048052 0.01946938 0.38730955
0.17656139 -0.01228762 -0.00254619
0.02957281 -0.02339637 -0.11186612
0.03735411 0.00510943 0.07375479
0.21565151 -0.00862086 0.10150731
0.07473153 -0.02838922 -0.01988518
-0.18352556 -0.02248383 -0.03417120
-0.18221426 -0.00987530 0.00286076
0.17817813 -0.01179838 0.00000000
0.10988814 -0.03228545 -0.13436720
0.18687683 -0.02557993 -0.03541882
0.21738678 -0.01235533 0.07640956
-0.07023501 -0.02931833 -0.13457341
0.07421398 -0.03693223 -0.13468692
-0.07684833 -0.02723050 -0.02527200
0.22240439 -0.02306509 -0.03530475
0.10219270 -0.02446699 -0.02202480
-0.07064021 -0.01920819 -0.08162449
0.07427371 -0.02668285 -0.02483764
-0.02911389 -0.02919722 -0.00837135
0.02481163 0.02571416 0.30587626
-0.03740299 0.02542472 0.31657061
-0.21769571 -0.02866316 -0.03422385
0.02339447 -0.02973151 0.00277290
-0.03206724 -0.01985145 0.25493422
0.05206925 -0.02927232 -0.01105650
0.02761513 -0.02439332 -0.11109150
-0.35236299 0.00234842 0.13180219
-0.10643363 -0.03610611 -0.13478400
0.06376541 -0.01970816 -0.08589015
-0.14128643 -0.01388383 0.06539389
-0.22070742 -0.01327968 0.07460798
0.35195541 0.00149703 0.17282161
-0.18769443 -0.01151943 0.08296211
0.14174759 -0.01260042 0.06607440
0.03450119 0.01233435 -0.29272231
0.18343121 -0.01022243 0.08500782
-0.00310069 -0.00917792 -0.35886240
0.00746405 0.01445436 0.38711575
-0.06962067 -0.01835155 -0.08203816
0.00924206 -0.00939667 -0.35089302
-0.07463670 -0.02697921 -0.02714109
-0.18401480 -0.00998163 0.00575554
0.02429172 0.02711761 0.30795455
0.07732356 -0.03804684 -0.13454032
0.17337173 -0.00945818 -0.00494337
-0.01854050 0.02644348 0.38215017
0.07215047 -0.02652240 -0.02547050
-0.07046783 -0.02852702 -0.13431811
-0.03506947 -0.01028109 0.26002896
-0.18477845 -0.02221692 -0.03444135
0.18740600 -0.02638805 -0.03172195
-0.03268129 0.02752483 0.31128597
0.00147146 0.14031780 0.40255666
-0.18843234 -0.01233077 0.07528102
0.10849237 -0.03284311 -0.13030219
-0.02911139 -0.02999985 -0.01548398
0.21487266 -0.01313639 0.07492113
-0.02297926 -0.01885319 -0.31396294
0.22109407 -0.02459133 -0.03150201
-0.10405076 -0.03787971 -0.13084877
0.18460673 -0.01294172 0.07017279
-0.00029957 -0.06190252 -0.31871080
0.06219161 -0.01872647 -0.08812749
-0.35349202 0.00196493 0.16179168
-0.21553540 -0.02937484 -0.03237224
0.00187713 0.06568086 0.35888040
-0.03317481 -0.01549172 -0.27082205
-0.00233614 -0.06668223 -0.31881690
-0.14859968 -0.00573480 0.00636911
0.01445961 0.03596142 -0.03857160
0.35648146 0.00286954 0.15987706
-0.21135610 -0.03125059 -0.03699255
0.01407397 0.04534538 -0.13045740
0.02154571 -0.06519207 0.02682257
0.04031920 0.00000000 -0.07769060
-0.01400828 0.04280558 -0.27752972
0.03520012 -0.01941030 0.08318701
0.03910017 0.00000000 0.19933289
0.02150011 -0.06691950 0.02788313
0.03719997 -0.00831195 -0.13853250
0.00399995 0.13759200 0.36223203
0.00790000 0.03083974 0.36166602
0.00979996 -0.00560295 -0.36139029
0.00979996 -0.03081623 -0.32497114
0.00200009 -0.06744600 -0.31755826
0.00399995 0.14040001 0.40154403
0.04890013 -0.06617970 0.00000000
0.02740002 -0.03894345 0.03338010
0.01180005 0.04198837 -0.29111940
0.03910017 -0.00830554 -0.04429620
0.11776775 -0.00822656 0.02992153
-0.13452160 -0.00567765 0.01592612
0.01853079 -0.06676020 0.02304697
-0.35062563 0.00273769 0.17461538
0.18629935 -0.00673401 0.00101447
-0.18541586 -0.02392638 -0.03733706
-0.10312021 -0.01225388 -0.05735719
0.02756596 0.01786065 0.31685734
-0.17955661 -0.01843190 0.00663579
0.04045528 -0.00083923 0.25128078
0.07608712 -0.02945101 -0.13659155
0.19000372 -0.01869953 -0.03513908
0.07506678 -0.01698399 -0.08481896
0.10933393 -0.03088784 -0.13658416
-0.06880754 -0.02879727 -0.13704765
0.02140075 0.02842307 0.38209677
0.03914031 -0.01795244 0.03325677
-0.10557652 -0.02641821 -0.13717008
-0.05421567 -0.01718843 -0.09561718
0.00492626 0.14212894 0.39761353
0.22293550 -0.02214575 -0.03723502
-0.01700163 0.02933514 0.37987256
-0.21710747 -0.01900160 -0.03339016
-0.13939762 -0.01011384 0.06372154
0.35570627 0.00822163 0.15440071
-0.02668506 0.02561033 0.24905896
0.07325149 -0.01988769 -0.08711775
0.22572905 -0.01468205 -0.03581955
-0.18150425 -0.02092791 -0.03472470
0.07694620 -0.01692414 -0.13468140
-0.34915519 0.00483251 0.13432749
-0.10401022 -0.01765752 -0.13466205
0.19058108 -0.00820947 -0.03587659
0.18752688 -0.00927687 0.00276188
-0.03506649 0.02889466 0.38539261
0.01697451 0.02758551 0.38048840
0.35572416 0.00551605 0.17495157
-0.06712949 -0.02465010 -0.13445584
0.03986526 -0.00371194 0.25512874
-0.17395455 -0.00888968 -0.00287831
0.02804881 0.00588846 0.31327382
-0.02704173 0.02648735 -0.29323351
0.11283243 -0.02361846 -0.13166933
-0.21684480 -0.00834203 -0.03469905
0.00921816 0.00141048 -0.35942402
0.14466214 -0.01072073 0.06665490
-0.34915519 0.00483251 0.17520976
-0.14374888 -0.00980783 0.06886890
-0.02761221 0.02467489 0.25712505
0.07588986 -0.01687491 -0.08207977
0.18868995 -0.00893974 -0.00241756
0.01866615 0.02756703 0.38203299
-0.21645337 -0.00743175 0.02437079
-0.09976798 -0.01445293 -0.13054466
0.22428280 -0.01104391 -0.03354383
0.08077210 -0.01401520 -0.13150930
0.01048255 0.00275719 -0.35315537
-0.01282758 0.02679574 0.38083148
-0.16748291 -0.00987041 -0.00754273
-0.20914972 -0.00335741 -0.03263807
0.10981101 -0.01780117 -0.13079679
-0.07035315 -0.01901853 -0.13480341
0.19401932 -0.00545704 -0.03294301
0.14500618 -0.01168585 0.06706858
-0.35018045 0.00534809 0.16476166
0.03795660 -0.00974166 0.25814390
-0.13597715 -0.01417398 -0.03398860
-0.18334734 -0.01118386 0.00363958
-0.07600248 -0.02797437 -0.02447259
0.10136092 -0.02448428 -0.01964748
-0.25339925 -0.00627851 0.05720019
0.00190771 0.05795324 0.26871383
-0.03762829 0.02446544 0.38442826
-0.19434857 -0.00739253 -0.03488243
-0.08198619 0.02486634 0.34642470
-0.08050859 -0.01729345 -0.13440275
0.00238335 0.07664847 0.37554789
-0.06946087 -0.02137709 -0.07856846
-0.10364830 -0.03349185 -0.13458872
-0.19617224 -0.01105714 0.08889496
-0.21981418 -0.02346456 -0.03752100
0.05642855 -0.02919543 -0.00911975
0.20728290 -0.01014388 0.09548998
0.16448355 -0.01234674 -0.01265633
-0.00398254 -0.00330734 -0.36267447
0.00520265 0.04658985 0.32719314
0.03312194 0.01951385 0.09137678
0.00780177 0.01388741 0.38622367
0.12796843 0.02495182 0.39729178
0.21133292 -0.00539124 -0.03702176
0.02643096 0.02917409 -0.29719210
0.00205600 -0.06721568 -0.31992042
0.35361075 -0.00076556 0.15467048
-0.06982458 -0.02287233 -0.13394296
0.00550807 0.04680312 0.30729780
-0.18273306 -0.01712847 -0.03533085
0.21823704 -0.01383531 0.07358085
-0.24393916 -0.00649250 0.05102359
-0.14318573 -0.01350224 0.06706024
-0.01170039 -0.02004433 -0.33109176
0.18934417 -0.02886868 -0.03430586
-0.12840188 -0.01526463 -0.03773250
-0.00528622 -0.06892562 -0.31761563
-0.20950258 -0.03272569 -0.03543750
0.22526312 -0.01783991 -0.03404846
0.10053098 -0.02377832 -0.02442251
-0.03318763 -0.03050041 -0.01125855
-0.05425858 0.02578592 0.32788396
-0.01882279 -0.03268182 0.25493422
0.05618584 -0.02117169 -0.09078176
0.01118493 0.01670074 0.38591361
0.16719866 -0.01240635 -0.00800887
-0.18862081 -0.01184392 0.08268750
-0.06780934 -0.02085710 -0.07979581
0.00069940 0.05585396 0.26564288
0.05308902 -0.02978361 -0.01098630
-0.07587004 -0.02891779 -0.02564865
0.10897374 -0.02085090 -0.13275203
0.00494862 -0.00891042 -0.36139029
0.11076915 0.02506793 0.36499521
-0.10260510 -0.03910685 -0.13456158
-0.18005657 -0.01162362 0.00294649
0.35277939 0.00191307 0.17227036
0.03784311 -0.00642169 -0.13886438
0.12515688 0.02559638 0.40452844
0.03407538 0.01738775 0.05038605
0.02512789 0.03064370 -0.29577321
-0.35024428 0.00048089 0.16694100
-0.01684177 -0.03070080 -0.29415488
0.16785872 -0.01115525 -0.00979233
-0.24397016 -0.00511217 0.04954505
-0.04488003 0.02614295 0.32147801
0.07423484 -0.02732611 -0.02708244
0.00904500 -0.03684282 -0.03895950
0.00969172 -0.00540042 -0.35665178
-0.18318439 -0.01653206 -0.03287971
-0.02642107 0.02642107 0.38106620
0.19434369 -0.03079653 -0.03565359
-0.01385283 -0.03697169 -0.30388355
0.00153565 0.14039469 0.40282393
0.14186525 -0.01350093 0.06460464
-0.00484586 -0.06673098 -0.31545687
-0.02577150 -0.02660549 0.25637591
-0.07212770 -0.02534401 -0.04449511
-0.20884538 -0.03301382 -0.03374612
0.00302899 0.08266032 0.35381532
-0.06915987 -0.02603626 -0.13267958
0.00980961 0.02657795 0.38552237
0.05240417 -0.02891254 -0.01359320
-0.35000277 0.00154150 0.16552246
0.03361475 0.01776767 0.01134658
-0.12637782 0.02511156 0.39848006
-0.09452927 -0.04236615 -0.13385880
0.00327575 0.04936182 0.28303099
0.10182858 -0.02414370 -0.02447402
-0.01100445 -0.02561962 -0.32594967
0.03881919 -0.01088055 -0.07728779
-0.00600123 -0.00505800 -0.36238289
0.00289273 -0.06649695 -0.31756806
0.35640526 0.00266524 0.17128468
0.01922655 0.03576251 -0.05813098
0.04025733 -0.00835819 0.00702369
-0.00902975 -0.06792120 0.01303208
0.00141764 -0.04095540 -0.31635594
0.01366472 0.04594399 -0.12450385
0.03520012 -0.01941030 0.08318701
0.03910017 0.00000000 0.19933289
0.02150011 -0.06691950 0.02788313
0.03719997 -0.00831195 -0.13853250
0.00399995 0.13759200 0.36223203
0.00790000 0.03083974 0.36166602
0.00979996 -0.00560295 -0.36139029
0.00979996 -0.03081623 -0.32497114
0.00200009 -0.06744600 -0.31755826
0.00399995 0.14040001 0.40154403
0.04890013 -0.06617970 0.00000000
0.02740002 -0.03894345 0.03338010
0.01180005 0.04198837 -0.29111940
0.03910017 -0.00830554 -0.04429620
0.00064635 0.03534457 0.36125088
-0.00399780 -0.06748088 -0.31632185
0.01076031 -0.00617422 -0.35596991
0.04905593 -0.06660090 -0.00196254
0.00257635 0.13953240 0.40075731
0.01992905 -0.06681420 0.01599205
0.00243151 0.13885368 0.35946572
0.01493192 0.04232813 -0.28009725
0.07276106 -0.01571655 -0.08515728
-0.17919612 -0.02108729 -0.00075138
-0.19074416 -0.02908266 -0.03726923
0.18570411 -0.00890326 0.00082397
0.07418895 -0.02477860 -0.13678539
0.18849564 -0.01588392 -0.03713977
-0.10629213 -0.01345265 -0.05548620
-0.00384939 -0.00384939 -0.36294270
0.00389016 0.05801928 0.26473236
0.02775562 0.02775562 0.38356125
-0.14375508 -0.01001513 0.06602681
0.10171044 -0.03866887 -0.13666415
0.21766019 -0.02733874 -0.03640449
0.35689652 0.00405133 0.16124201
-0.21681535 -0.01709902 -0.03438234
-0.07380307 -0.01637876 0.04509091
-0.00410700 0.03029788 0.37797010
0.00393212 -0.06335533 -0.31992412
-0.10389066 -0.02446842 -0.13528728
0.00503039 0.13986492 0.40193093
0.03618205 -0.01971865 0.03326380
0.08462918 -0.01278722 -0.13501215
-0.18211710 -0.02223694 -0.03570075
0.19503760 -0.00440192 -0.03459105
0.18796349 -0.00835848 0.00266962
0.00366473 0.07369280 0.37688184
0.06802642 -0.01824605 -0.08873280
0.22591245 -0.02141726 -0.03444772
-0.21398687 -0.00691342 -0.03585870
0.00615597 0.00218797 -0.35915038
-0.14370883 -0.01086485 0.06751563
0.00462842 0.14188385 0.40169656
0.03407538 -0.01738775 0.26032794
0.14934707 -0.01117849 0.06756468
-0.07757545 -0.01632857 0.04619520
0.11065209 -0.03329456 -0.13479716
-0.17977333 -0.00803423 0.00296190
0.00271916 -0.05787373 -0.31420127
-0.34942126 0.00421154 0.17596541
0.03605473 -0.01936710 0.03359070
0.02069819 -0.01504171 -0.32853603
-0.00811327 0.02748787 0.38040394
-0.08507073 -0.01152027 -0.13579887
0.18565226 -0.00879288 0.00258148
0.11141121 -0.03132546 -0.06640220
0.07399154 -0.01806128 -0.08294976
0.08402228 -0.01277745 -0.13203955
0.03130496 -0.02089822 0.26031327
-0.15612841 -0.01104760 -0.01538146
0.00637794 0.00208056 -0.35677350
0.02675951 0.02675951 0.38295817
0.00213230 -0.06270134 -0.31476569
0.11264122 -0.02809060 -0.13183510
-0.19926703 -0.00225329 -0.03178656
-0.07725823 -0.01694453 0.04691827
-0.00878620 0.04177678 -0.29002631
0.22592854 -0.01828468 -0.03166699
0.19877493 -0.00429046 -0.03548217
-0.01307821 0.02667332 0.38235199
0.14727688 -0.01194572 0.06766558
-0.08435750 -0.01309729 -0.13585198
-0.34344387 0.00397491 0.16695726
