0.62743723
0.58822900
0.67368102
0.78507781
0.64934367
0.59294575
0.52520174
0.67131126
0.65444076
0.58528352
0.66412133
0.60994369
0.76513028
0.59646910
0.60857248
0.57628852
0.94870913
0.50143111
0.67801315
0.53056443
0.64473408
0.58331615
0.64496481
0.71077389
0.61826128
0.63710093
0.59646630
0.58298159
0.63995916
0.54880702
0.56932151
0.53304684
0.59059876
0.56366491
0.72925580
0.56002480
0.71354353
0.67939228
0.59036672
0.59782463
0.92987883
0.60382283
0.75263357
0.55879372
0.69501317
0.67365861
0.58473486
0.58876842
0.66926354
0.52359533
0.52074808
0.53376067
0.61960196
0.53881377
0.59695101
0.51210225
0.59615749
0.89427060
0.75030231
0.72172326
0.52692866
0.55006635
0.63180035
0.63380659
0.60226005
0.55868495
0.64757991
0.51518053
0.61795849
0.55777049
0.66438574
0.59481978
0.72628307
0.62529701
0.70522010
0.52140874
0.50035679
0.57685608
0.55264354
0.93513292
0.66412133
0.50954968
0.54956263
0.52447039
0.59807271
0.59278423
0.54920053
0.52591252
0.57292712
1.00000012
0.92938620
0.54469794
0.55861032
0.80314970
0.89107424
0.51009625
0.63736361
0.57479739
0.56507599
0.52237082
0.55360729
0.50163490
0.63081551
0.60616612
0.61272275
0.61092716
0.66537595
0.62022156
0.67002392
0.76137471
0.53406370
0.70428342
0.90567404
0.74273139
0.52315545
0.67202795
0.56176412
0.65784240
0.77092457
0.59890330
0.55206949
0.62640637
0.58423084
0.61868680
0.68717754
0.71799725
0.72545981
0.60940260
0.67019874
0.64232975
0.57054406
0.68191963
0.57103837
0.61269218
0.94050032
0.59926569
0.74386030
0.61421359
0.70780545
0.74097908
0.74341691
0.50585198
0.62524980
0.55950516
0.61952329
0.51602149
0.94792497
0.69174176
0.61997312
0.50944507
0.93930537
0.69623941
0.54032558
0.52829969
0.72200614
0.65568680
0.67364901
0.50370467
0.59256721
0.72405511
0.62731832
0.55556482
0.53426331
0.59403318
0.57758623
0.67191547
0.73873729
0.60067445
0.67788571
0.65947181
0.64491284
0.68887478
0.72946531
0.63377994
0.61862588
0.55136669
0.64139348
0.62383550
0.67079389
0.60332072
0.53848356
0.51360989
0.61150950
0.65405297
0.62964517
0.51945561
0.74127573
0.57895970
0.52041662
0.93444723
0.87406540
0.76130825
0.74274105
0.63142389
0.68322521
0.62539971
0.61052799
0.64148289
0.50817853
0.50128382
0.50714588
0.68505704
0.67747808
0.64010137
0.59946460
0.65870088
0.50663704
0.61981094
0.83256555
0.63546270
0.77483481
0.55139190
0.71844363
0.54114562
0.60348570
0.93169892
0.50371593
0.75329572
0.74886143
0.65815902
0.62227404
0.61015713
0.78594941
0.57216841
0.54402453
0.81118453
0.63081455
0.60666555
0.63841963
0.53644085
0.60227221
0.61340714
0.72771996
0.62223130
0.64857274
0.69871110
0.56126457
0.69616681
0.57233214
0.50950223
0.71888953
0.55151284
0.61719435
0.63841045
0.53074247
0.54669386
0.50505114
0.61964881
0.63344473
0.61903286
0.53384793
0.57366121
0.53686172
0.50492781
0.59278423
0.54920053
0.52591252
0.57292712
1.00000012
0.92938620
0.54469794
0.55861032
0.80314970
0.53217000
0.50511539
0.54592270
0.58917588
0.52559972
0.57908952
0.69299215
0.62122440
0.66137028
0.56648856
0.58335626
0.64605021
0.63447642
0.66297013
0.64439374
0.60743612
0.69757956
0.54180098
0.56825936
0.59466392
0.55558312
0.55709130
0.51064098
0.77441144
0.93801999
0.58552927
0.61056882
0.73974109
0.72458118
0.63929814
0.50475335
0.68627667
0.64499193
0.59367996
0.50306410
0.63415909
0.60586065
0.78051937
0.63079327
0.57174397
0.58061719
0.52627158
0.57222766
0.62164736
0.70504200
0.62144774
0.53785837
0.60099345
0.75272995
0.57257241
0.93693215
0.52592981
0.64453638
0.56338739
0.62687391
0.51176196
0.65420091
0.58543575
0.53559852
0.65088177
0.70500410
0.88261753
0.52791870
0.57305950
0.71781367
0.66071022
0.70442766
0.53629553
0.55317575
0.53587067
0.69040459
0.56762511
0.68022782
0.62701476
0.52110595
0.69868267
0.63247293
0.71835399
0.59031141
0.58312148
0.62885940
0.67443728
0.66101980
0.68441457
0.71054226
0.67638767
0.70614904
0.73107880
0.59243262
0.59606779
0.57197839
0.68609601
0.63090134
0.92665523
0.65905201
0.59458745
0.51525378
0.90717006
0.94420558
0.72262967
0.69862843
0.63904220
0.62822574
0.61644453
0.67329335
0.53543758
0.68358886
0.71610087
0.79597914
0.64031476
0.69345772
0.62102103
0.77935523
0.55593789
0.58118331
0.57316285
0.66872239
0.56980443
0.60735601
0.72382271
0.50872731
0.51016676
0.60238487
0.67781121
0.71986926
0.51464075
0.50713688
0.76424289
0.71345264
0.50754261
0.74810690
0.92931807
0.66503102
0.57249594
0.80629820
0.77100372
0.59724921
0.54891396
0.65222573
0.58567989
0.55046451
0.73620456
0.66992050
0.52687144
0.69463623
0.63670677
0.52796113
0.57392389
0.69534761
0.61080104
0.54513294
0.51340884
0.60339117
0.63779598
0.57686210
0.62800133
0.51819581
0.65042317
0.52776873
0.63348025
0.66382289
0.93464011
0.53827047
0.53723711
0.65519226
0.57309055
0.56747103
0.58178103
0.58443367
0.61419749
0.50881052
1.00000000
1.00000000
0.56909388
0.61435395
0.52292967
0.50337064
0.93775958
0.55157149
0.53834444
0.52639335
0.54144979
0.50155061
0.52466035
0.63104260
0.63802421
0.63118136
0.59220493
0.61958653
0.66101593
0.65113688
0.51217633
0.57736629
0.63570261
0.61150229
0.69383806
0.65806288
0.60828620
0.58809501
0.61528599
0.55435216
0.55072117
0.56001598
0.63790131
0.57720441
0.62758064
0.59247887
0.65335125
0.69010121
0.51523775
0.83460027
0.62228191
0.69929540
0.65003729
0.68969375
0.55162048
0.62376130
0.67164022
0.64103669
0.64554310
0.53084505
0.56041306
0.67568362
0.59772861
0.62916744
0.54958409
0.65606230
0.61717761
0.68326145
0.93657869
0.78151530
0.59516567
0.75229025
0.66975534
0.62349546
0.62730920
0.54328138
0.50893450
0.62420696
0.72215122
0.66328442
0.92623436
0.64815098
0.61310017
0.72036171
0.63311356
0.68233645
0.69453186
0.77059883
0.56308353
0.53164673
0.75749677
0.63398325
0.71809304
0.65950131
0.58728814
0.63798934
0.50829077
0.69520873
0.55635029
0.67805427
0.52002949
0.68707377
0.60346663
0.73438025
0.64508277
0.57505459
0.65607280
0.60873425
0.93459666
0.50421113
0.90717006
0.61821622
0.53221202
0.61222637
0.55765092
0.58668625
0.54016405
0.67181838
0.69266683
0.64130610
0.51031268
0.64205503
0.66451639
0.63244867
0.63714260
0.60163403
0.57380694
0.66818601
0.60850859
0.67488378
0.55813301
0.71971768
0.52083635
0.57355988
0.70389181
0.63056391
0.72434968
0.52914119
0.50562406
0.64697987
0.73360240
0.54838568
0.92915261
0.58366650
0.61497033
0.54379970
0.57774115
0.50774729
0.51798427
0.51794749
0.57910061
0.58845633
0.56805420
0.58816302
0.59324455
0.68683225
0.75068098
0.57134676
0.87072664
0.63135648
0.57013643
0.59320766
0.53026813
0.58137941
0.64352387
0.53531450
0.54666328
0.59284556
0.63176531
0.67189419
0.65998530
0.67586297
0.63616490
0.62208980
0.92005384
0.51508272
0.58211583
0.62129605
0.60542506
0.59468979
0.57590199
0.91651136
0.54414290
0.53143299
0.89502215
0.51235026
0.50034428
0.51758873
0.56409705
1.00000000
1.00000000
0.56909388
0.61435395
0.52292967
0.50337064
0.93775958
0.55157149
0.53834444
0.52639335
0.54144979
0.50155061
0.52466035
0.63104260
0.52716690
0.56211841
0.92078787
0.51271987
0.50867796
0.63353950
0.51526123
0.53250575
0.61583841
0.60205936
0.64733702
0.61501139
0.70331818
0.63475078
0.50966930
0.91071761
0.51502097
0.58171874
0.71204334
0.55789465
0.56289661
0.61038691
0.69167674
0.63336474
0.62642670
0.58083898
0.52800864
0.57561409
0.53572541
0.71707487
0.60277951
0.66176236
0.63712019
0.58669960
0.63915139
0.67999911
0.66461861
0.93902516
0.70076454
0.58769101
0.52416515
0.72259450
0.69316095
0.61693370
0.55245060
0.57002896
0.56850964
0.51769507
0.68111581
0.65362233
0.58061707
0.63185382
0.50172102
0.65930527
0.69108933
0.53258520
0.60485119
0.94595224
0.60822821
0.50147986
0.61645156
0.67340219
0.68720275
0.57643145
0.67568702
0.68938410
0.60866046
0.76502848
0.56572002
0.61517948
