0.55157208
0.04900373
0.00106395
0.29611340
0.04637938
0.28132898
0.03439442
0.02582359
0.22087219
0.20573455
0.19680345
0.00814782
0.14886962
0.12283679
0.02045815
0.56225723
0.00031261
0.15212418
0.44762558
0.41620168
0.37975729
0.34075367
0.33927360
0.31719106
0.30472150
0.29836649
0.21565200
0.01189806
0.09356350
0.23050983
0.21022542
0.20496218
0.18909954
0.16116805
0.15870176
0.13343950
0.13221996
0.00067179
0.50378978
0.22074331
0.43734726
0.09265431
0.38299802
0.34882087
0.27496126
0.25793910
0.24913098
0.22542739
0.00043256
0.16913408
0.00116857
0.09126180
0.16137367
0.13988368
0.12545374
0.00724083
0.03339744
0.11922219
0.13688602
0.04131331
0.02131640
0.00525492
0.20536660
0.01090459
0.10869855
0.04064529
0.23137763
0.00180750
0.02617300
0.06174312
0.47891226
0.46992639
0.08517196
0.35999647
0.02791709
0.31409317
0.05653635
0.21743672
0.13710669
0.08051378
0.00033479
0.65058035
0.03169645
0.03000576
0.00076130
0.35362163
0.33676395
0.31970802
0.00156443
0.01385586
0.22693999
0.19752112
0.21473347
0.05473724
0.13283466
0.12630931
0.15573068
0.30897316
0.19556783
0.26736936
0.26599380
0.06555621
0.23924227
0.23803441
0.14390329
0.13190401
0.11454321
0.01512312
0.48302627
0.45699248
0.19332138
0.44431826
0.43438354
0.43235359
0.26592860
0.41387945
0.40310904
0.34873086
0.32842344
0.30304340
0.27689135
0.20875728
0.07839584
0.18966667
0.02294955
0.14149918
0.13796119
0.11668282
0.01120314
0.02026734
0.10147909
0.01658356
0.00416119
0.03261008
0.01076880
0.46292314
0.46032554
0.01087929
0.40065166
0.36470717
0.35918432
0.33623165
0.32348031
0.11225434
0.31843922
0.28573063
0.27970302
0.27619874
0.26483431
0.07455023
0.25539714
0.25536934
0.22267611
0.20618008
0.20309879
0.15672664
0.17713572
0.12624778
0.00505144
0.10409971
0.00052362
0.02683169
0.37750661
0.37329969
0.35472792
0.30354625
0.00670229
0.28311068
0.28152677
0.27204058
0.25716570
0.25596023
0.11532738
0.17723736
0.15737078
0.08986627
0.13900012
0.13401638
0.03396541
0.10427123
0.09035552
0.02116369
0.04131331
0.02131640
0.00525492
0.20536660
0.01090459
0.10869855
0.02047602
0.00873754
0.54131222
0.46515685
0.45486423
0.38873807
0.36403656
0.02026949
0.31613567
0.12165184
0.24337071
0.05327473
0.00079621
0.01437456
0.10823281
0.00432702
0.02117394
0.14291464
0.07443130
0.46071947
0.45549801
0.02143692
0.36879748
0.35444835
0.15176970
0.14326669
0.12170213
0.28926635
0.28863943
0.09617315
0.04147280
0.02358479
0.13502783
0.01239327
0.58262968
0.04852120
0.00001968
0.40322265
0.15850154
0.32706967
0.02445958
0.28824541
0.28420681
0.19826573
0.21974622
0.18613060
0.17707349
0.11913713
0.06044552
0.59911621
0.47691894
0.05096092
0.40881515
0.37505448
0.36395806
0.35791758
0.35463846
0.27079347
0.32962289
0.32218909
0.32009584
0.01593859
0.20644554
0.18630998
0.03420964
0.05207511
0.12553144
0.11378488
0.03606075
0.04539679
0.00883217
0.06351881
0.35801730
0.33497816
0.01380141
0.27411479
0.27282733
0.25567728
0.25505891
0.25085694
0.24620494
0.10048942
0.10521381
0.20201805
0.19779167
0.01234887
0.04858294
0.14826965
0.14729041
0.13372071
0.12529404
0.12141799
0.00413494
0.03532537
0.46925333
0.46497977
0.45662829
0.04736311
0.38239759
0.33342999
0.29531026
0.02448434
0.27623808
0.23804031
0.00673290
0.23004572
0.00862984
0.01253457
0.18629985
0.07386563
0.14811794
0.01375695
0.11831437
0.11743194
0.10809585
0.00730199
0.22627072
0.18868956
0.19839703
0.39956111
0.19406691
0.20140098
0.48590514
0.09666101
0.02275170
0.03912683
0.37082526
0.35562167
0.32765645
0.32110238
0.30210501
0.05448261
0.13421388
0.06863789
0.18788081
0.14616328
0.04631190
0.12494010
0.00853623
0.22086202
0.42323741
0.03811359
0.05334339
0.40910277
0.00255204
0.14298651
0.35100061
0.34512228
0.33993581
0.27131912
0.26725844
0.26170677
0.21428965
0.16405661
0.03855433
0.38877678
0.09971806
0.36931574
0.01645553
0.31831607
0.00654295
0.00607295
0.25780538
0.24441049
0.23155470
0.22084443
0.07368524
0.04296304
0.01069887
0.39417967
0.32461378
0.00000269
0.23354997
0.01424345
0.17361586
0.16804224
0.00699814
0.15413190
0.15006635
0.03758015
0.11821625
0.04160454
0.54125285
0.17997102
0.49916592
0.08214755
0.00272770
0.39961821
0.39151722
0.02880860
0.37374994
0.26476195
0.28949931
0.14690144
0.23585913
0.20230812
0.18136412
0.04649907
0.15882345
0.04864169
0.13004082
0.00979380
0.12071492
0.12430659
0.45768669
0.44050264
0.42915294
0.00543869
0.36851504
0.00036928
0.29039767
0.01608082
0.24978904
0.02302119
0.23528536
0.11935659
0.02660472
0.09200390
0.13642274
0.01177071
0.03169021
0.06725384
0.00730199
0.22627072
0.18868956
0.19839703
0.00095063
0.14853236
0.10726856
0.01861872
0.49922332
0.42759717
0.41516677
0.13620709
0.24983479
0.12152617
0.02625706
0.04039069
0.16610207
0.15415722
0.00995740
0.03235717
0.25522304
0.36094919
0.31259617
0.09853548
0.29980356
0.28957814
0.00626439
0.27236193
0.26899886
0.24735403
0.04618452
0.02577521
0.17936414
0.16401958
0.45796710
0.00732190
0.27953291
0.23459648
0.20098633
0.02869187
0.00513121
