369 259
306 256
331 176
368 250
306 331
328 259
348 280
320 366
335 332
282 214
328 283
357 279
282 134
317 152
346 276
282 238
324 129
307 149
266 229
317 249
317 351
318 260
358 225
281 225
309 128
334 261
357 276
299 278
313 120
265 216
321 382
306 280
344 236
335 354
371 232
359 237
343 247
311 130
282 263
321 136
308 136
298 161
318 332
281 252
267 262
341 246
265 251
328 293
306 164
334 333
306 247
320 347
345 115
355 262
343 225
333 204
337 274
322 353
310 166
339 277
306 208
319 214
322 381
332 362
337 352
334 203
306 182
307 298
323 330
341 256
285 250
344 238
349 264
272 250
306 292
310 148
319 149
299 263
359 263
321 368
315 144
344 252
348 278
321 125
312 119
361 224
304 235
285 226
303 276
345 235
272 218
310 127
299 251
359 276
321 381
315 340
329 167
343 262
304 222
361 250
345 269
306 190
375 252
284 205
270 193
321 345
240 171
326 172
321 254
370 239
312 169
306 228
317 230
348 259
282 242
268 217
386 238
363 256
297 251
321 273
250 209
372 247
285 254
311 245
319 353
293 228
387 246
313 259
351 267
360 267
318 164
295 278
350 277
310 128
324 130
290 249
360 256
315 121
297 267
321 299
347 265
319 241
339 257
284 277
267 238
266 226
371 238
387 218
248 217
360 277
321 273
329 260
371 226
292 236
349 237
319 382
310 259
387 228
417 204
297 254
325 147
307 273
306 243
321 290
389 208
266 242
315 138
297 268
321 274
304 261
267 251
248 238
319 334
290 247
362 130
296 283
356 269
349 234
286 282
248 246
341 232
336 287
339 277
306 208
319 214
322 381
332 362
337 352
341 255
341 261
324 160
270 241
253 238
372 219
290 256
290 246
351 244
286 283
389 208
296 283
352 270
352 233
321 357
300 126
323 126
318 118
350 277
351 252
290 251
297 276
291 235
305 235
270 225
287 276
350 235
252 218
391 216
373 224
361 276
314 123
320 381
325 156
350 254
310 155
360 259
269 217
350 239
373 238
291 228
391 238
333 261
306 198
251 209
290 254
317 161
318 148
320 331
341 239
268 239
274 256
321 252
388 209
341 250
370 217
312 255
332 228
290 260
252 239
313 274
317 353
266 247
347 228
326 169
353 254
302 249
371 225
342 277
289 277
313 130
278 277
291 265
341 266
353 278
313 300
390 217
371 226
371 238
267 226
251 218
306 350
326 128
333 257
288 237
344 231
321 121
318 382
320 259
390 228
267 238
297 256
310 369
313 146
313 289
332 272
250 208
340 268
267 219
391 238
371 251
326 137
321 272
371 241
342 282
348 247
289 269
292 256
313 272
276 131
289 234
354 275
391 251
318 334
352 283
318 214
338 171
300 277
316 381
333 203
318 282
329 163
350 256
315 160
343 283
325 153
267 219
387 238
289 244
369 241
305 269
353 283
251 208
288 271
288 233
319 309
277 269
318 357
289 277
316 127
289 252
279 276
352 276
369 226
323 119
342 276
319 340
266 225
348 235
249 217
288 235
387 217
349 252
319 381
333 198
267 238
328 155
289 254
315 156
248 238
348 228
288 240
349 242
370 217
389 209
349 254
321 148
318 330
313 164
291 258
270 250
267 257
356 214
290 280
356 135
328 155
282 279
340 252
321 152
316 366
308 260
292 277
356 238
326 120
372 229
315 129
332 149
295 236
373 215
328 127
357 225
333 171
280 225
281 275
313 259
303 354
292 257
340 278
317 382
332 279
268 232
332 233
315 271
317 135
356 263
357 251
372 262
334 172
373 251
324 130
321 333
331 136
298 247
332 295
324 286
318 347
332 247
294 116
283 262
291 263
330 168
315 353
318 214
338 171
300 277
316 381
316 287
317 330
338 189
290 264
341 263
368 250
354 250
328 149
296 126
280 263
294 225
316 368
319 149
325 320
291 278
293 235
317 126
296 252
325 340
333 277
367 218
329 127
327 119
354 226
265 215
278 224
281 277
333 172
340 252
317 381
296 262
310 168
355 205
264 252
278 249
318 345
332 141
