0.70710683 0.40824825 0.57735020 -1.44337559 -0.70710683 0.40824825 0.57735020 -1.44337559 0.00000000 -0.81649655 0.57735020 -1.44337559 0.00000000 0.00000000 0.00000000 1.00000000
0.70710683 0.40824825 0.57735020 -1.44337559 -0.70710683 0.40824825 0.57735020 -1.44337559 0.00000000 -0.81649655 0.57735020 -1.44337559 0.00000000 0.00000000 0.00000000 1.00000000
0.70710683 0.40824825 0.57735020 -1.44337559 -0.70710683 0.40824825 0.57735020 -1.44337559 0.00000000 -0.81649655 0.57735020 -1.44337559 0.00000000 0.00000000 0.00000000 1.00000000
0.70710683 0.40824825 0.57735020 -1.44337559 -0.70710683 0.40824825 0.57735020 -1.44337559 0.00000000 -0.81649655 0.57735020 -1.44337559 0.00000000 0.00000000 0.00000000 1.00000000
0.70710683 0.40824825 0.57735020 -1.44337559 -0.70710683 0.40824825 0.57735020 -1.44337559 0.00000000 -0.81649655 0.57735020 -1.44337559 0.00000000 0.00000000 0.00000000 1.00000000
0.70710683 0.40824825 0.57735020 -1.44337559 -0.70710683 0.40824825 0.57735020 -1.44337559 0.00000000 -0.81649655 0.57735020 -1.44337559 0.00000000 0.00000000 0.00000000 1.00000000
0.70710683 0.40824825 0.57735020 -1.44337559 -0.70710683 0.40824825 0.57735020 -1.44337559 0.00000000 -0.81649655 0.57735020 -1.44337559 0.00000000 0.00000000 0.00000000 1.00000000
0.70710683 0.40824825 0.57735020 -1.44337559 -0.70710683 0.40824825 0.57735020 -1.44337559 0.00000000 -0.81649655 0.57735020 -1.44337559 0.00000000 0.00000000 0.00000000 1.00000000
0.70710683 0.40824825 0.57735020 -1.44337559 -0.70710683 0.40824825 0.57735020 -1.44337559 0.00000000 -0.81649655 0.57735020 -1.44337559 0.00000000 0.00000000 0.00000000 1.00000000
0.70710683 0.40824825 0.57735020 -1.44337559 -0.70710683 0.40824825 0.57735020 -1.44337559 0.00000000 -0.81649655 0.57735020 -1.44337559 0.00000000 0.00000000 0.00000000 1.00000000
0.70710683 0.40824825 0.57735020 -1.44337559 -0.70710683 0.40824825 0.57735020 -1.44337559 0.00000000 -0.81649655 0.57735020 -1.44337559 0.00000000 0.00000000 0.00000000 1.00000000
0.70710683 0.40824825 0.57735020 -1.44337559 -0.70710683 0.40824825 0.57735020 -1.44337559 0.00000000 -0.81649655 0.57735020 -1.44337559 0.00000000 0.00000000 0.00000000 1.00000000
0.70710683 0.40824825 0.57735020 -1.44337559 -0.70710683 0.40824825 0.57735020 -1.44337559 0.00000000 -0.81649655 0.57735020 -1.44337559 0.00000000 0.00000000 0.00000000 1.00000000
0.70710683 0.40824825 0.57735020 -1.44337559 -0.70710683 0.40824825 0.57735020 -1.44337559 0.00000000 -0.81649655 0.57735020 -1.44337559 0.00000000 0.00000000 0.00000000 1.00000000
0.70710683 0.00000000 0.70710683 -1.76776695 -0.70710683 0.00000000 0.70710683 -1.76776695 0.00000000 -1.00000000 0.00000000 0.00000000 0.00000000 0.00000000 0.00000000 1.00000000
0.70710683 0.00000000 0.70710683 -1.76776695 -0.70710683 0.00000000 0.70710683 -1.76776695 0.00000000 -1.00000000 0.00000000 0.00000000 0.00000000 0.00000000 0.00000000 1.00000000
0.70710683 0.00000000 0.70710683 -1.76776695 -0.70710683 0.00000000 0.70710683 -1.76776695 0.00000000 -1.00000000 0.00000000 0.00000000 0.00000000 0.00000000 0.00000000 1.00000000
0.70710683 0.00000000 0.70710683 -1.76776695 -0.70710683 0.00000000 0.70710683 -1.76776695 0.00000000 -1.00000000 0.00000000 0.00000000 0.00000000 0.00000000 0.00000000 1.00000000
0.70710683 0.00000000 0.70710683 -1.76776695 -0.70710683 0.00000000 0.70710683 -1.76776695 0.00000000 -1.00000000 0.00000000 0.00000000 0.00000000 0.00000000 0.00000000 1.00000000
0.70710683 0.00000000 0.70710683 -1.76776695 -0.70710683 0.00000000 0.70710683 -1.76776695 0.00000000 -1.00000000 0.00000000 0.00000000 0.00000000 0.00000000 0.00000000 1.00000000
0.70710683 0.00000000 0.70710683 -1.76776695 -0.70710683 0.00000000 0.70710683 -1.76776695 0.00000000 -1.00000000 0.00000000 0.00000000 0.00000000 0.00000000 0.00000000 1.00000000
0.70710683 0.00000000 0.70710683 -1.76776695 -0.70710683 0.00000000 0.70710683 -1.76776695 0.00000000 -1.00000000 0.00000000 0.00000000 0.00000000 0.00000000 0.00000000 1.00000000
0.70710683 0.00000000 0.70710683 -1.76776695 -0.70710683 0.00000000 0.70710683 -1.76776695 0.00000000 -1.00000000 0.00000000 0.00000000 0.00000000 0.00000000 0.00000000 1.00000000
0.70710683 0.00000000 0.70710683 -1.76776695 -0.70710683 0.00000000 0.70710683 -1.76776695 0.00000000 -1.00000000 0.00000000 0.00000000 0.00000000 0.00000000 0.00000000 1.00000000
0.70710683 0.00000000 0.70710683 -1.76776695 -0.70710683 0.00000000 0.70710683 -1.76776695 0.00000000 -1.00000000 0.00000000 0.00000000 0.00000000 0.00000000 0.00000000 1.00000000
0.70710683 0.00000000 0.70710683 -1.76776695 -0.70710683 0.00000000 0.70710683 -1.76776695 0.00000000 -1.00000000 0.00000000 0.00000000 0.00000000 0.00000000 0.00000000 1.00000000
0.70710683 0.00000000 0.70710683 -1.76776695 -0.70710683 0.00000000 0.70710683 -1.76776695 0.00000000 -1.00000000 0.00000000 0.00000000 0.00000000 0.00000000 0.00000000 1.00000000
0.70710683 0.00000000 0.70710683 -1.76776695 -0.70710683 0.00000000 0.70710683 -1.76776695 0.00000000 -1.00000000 0.00000000 0.00000000 0.00000000 0.00000000 0.00000000 1.00000000
0.70710683 0.00000000 0.70710683 -1.76776695 -0.70710683 0.00000000 0.70710683 -1.76776695 0.00000000 -1.00000000 0.00000000 0.00000000 0.00000000 0.00000000 0.00000000 1.00000000
0.70710683 0.00000000 0.70710683 -1.76776695 -0.70710683 0.00000000 0.70710683 -1.76776695 0.00000000 -1.00000000 0.00000000 0.00000000 0.00000000 0.00000000 0.00000000 1.00000000
0.70710683 0.00000000 0.70710683 -1.76776695 -0.70710683 0.00000000 0.70710683 -1.76776695 0.00000000 -1.00000000 0.00000000 0.00000000 0.00000000 0.00000000 0.00000000 1.00000000
0.70710683 0.00000000 0.70710683 -1.76776695 -0.70710683 0.00000000 0.70710683 -1.76776695 0.00000000 -1.00000000 0.00000000 0.00000000 0.00000000 0.00000000 0.00000000 1.00000000
0.70710683 0.00000000 0.70710683 -1.76776695 -0.70710683 0.00000000 0.70710683 -1.76776695 0.00000000 -1.00000000 0.00000000 0.00000000 0.00000000 0.00000000 0.00000000 1.00000000
0.70710683 0.00000000 0.70710683 -1.76776695 -0.70710683 0.00000000 0.70710683 -1.76776695 0.00000000 -1.00000000 0.00000000 0.00000000 0.00000000 0.00000000 0.00000000 1.00000000
0.70710683 0.00000000 0.70710683 -1.76776695 -0.70710683 0.00000000 0.70710683 -1.76776695 0.00000000 -1.00000000 0.00000000 0.00000000 0.00000000 0.00000000 0.00000000 1.00000000
0.70710683 0.00000000 0.70710683 -1.76776695 -0.70710683 0.00000000 0.70710683 -1.76776695 0.00000000 -1.00000000 0.00000000 0.00000000 0.00000000 0.00000000 0.00000000 1.00000000
0.70710683 0.00000000 0.70710683 -1.76776695 -0.70710683 0.00000000 0.70710683 -1.76776695 0.00000000 -1.00000000 0.00000000 0.00000000 0.00000000 0.00000000 0.00000000 1.00000000
0.70710683 -0.40824825 0.57735020 -1.44337559 -0.70710683 -0.40824825 0.57735020 -1.44337559 0.00000000 -0.81649655 -0.57735020 1.44337559 0.00000000 0.00000000 0.00000000 1.00000000
0.70710683 -0.40824825 0.57735020 -1.44337559 -0.70710683 -0.40824825 0.57735020 -1.44337559 0.00000000 -0.81649655 -0.57735020 1.44337559 0.00000000 0.00000000 0.00000000 1.00000000
0.70710683 -0.40824825 0.57735020 -1.44337559 -0.70710683 -0.40824825 0.57735020 -1.44337559 0.00000000 -0.81649655 -0.57735020 1.44337559 0.00000000 0.00000000 0.00000000 1.00000000
0.70710683 -0.40824825 0.57735020 -1.44337559 -0.70710683 -0.40824825 0.57735020 -1.44337559 0.00000000 -0.81649655 -0.57735020 1.44337559 0.00000000 0.00000000 0.00000000 1.00000000
0.70710683 -0.40824825 0.57735020 -1.44337559 -0.70710683 -0.40824825 0.57735020 -1.44337559 0.00000000 -0.81649655 -0.57735020 1.44337559 0.00000000 0.00000000 0.00000000 1.00000000
0.70710683 -0.40824825 0.57735020 -1.44337559 -0.70710683 -0.40824825 0.57735020 -1.44337559 0.00000000 -0.81649655 -0.57735020 1.44337559 0.00000000 0.00000000 0.00000000 1.00000000
0.70710683 -0.40824825 0.57735020 -1.44337559 -0.70710683 -0.40824825 0.57735020 -1.44337559 0.00000000 -0.81649655 -0.57735020 1.44337559 0.00000000 0.00000000 0.00000000 1.00000000
0.70710683 -0.40824825 0.57735020 -1.44337559 -0.70710683 -0.40824825 0.57735020 -1.44337559 0.00000000 -0.81649655 -0.57735020 1.44337559 0.00000000 0.00000000 0.00000000 1.00000000
0.70710683 -0.40824825 0.57735020 -1.44337559 -0.70710683 -0.40824825 0.57735020 -1.44337559 0.00000000 -0.81649655 -0.57735020 1.44337559 0.00000000 0.00000000 0.00000000 1.00000000
0.70710683 -0.40824825 0.57735020 -1.44337559 -0.70710683 -0.40824825 0.57735020 -1.44337559 0.00000000 -0.81649655 -0.57735020 1.44337559 0.00000000 0.00000000 0.00000000 1.00000000
0.70710683 -0.40824825 0.57735020 -1.44337559 -0.70710683 -0.40824825 0.57735020 -1.44337559 0.00000000 -0.81649655 -0.57735020 1.44337559 0.00000000 0.00000000 0.00000000 1.00000000
0.70710683 -0.40824825 0.57735020 -1.44337559 -0.70710683 -0.40824825 0.57735020 -1.44337559 0.00000000 -0.81649655 -0.57735020 1.44337559 0.00000000 0.00000000 0.00000000 1.00000000
0.70710683 -0.40824825 0.57735020 -1.44337559 -0.70710683 -0.40824825 0.57735020 -1.44337559 0.00000000 -0.81649655 -0.57735020 1.44337559 0.00000000 0.00000000 0.00000000 1.00000000
0.70710683 -0.40824825 0.57735020 -1.44337559 -0.70710683 -0.40824825 0.57735020 -1.44337559 0.00000000 -0.81649655 -0.57735020 1.44337559 0.00000000 0.00000000 0.00000000 1.00000000
0.70710683 -0.40824825 0.57735020 -1.44337559 -0.70710683 -0.40824825 0.57735020 -1.44337559 0.00000000 -0.81649655 -0.57735020 1.44337559 0.00000000 0.00000000 0.00000000 1.00000000
0.70710683 -0.40824825 0.57735020 -1.44337559 -0.70710683 -0.40824825 0.57735020 -1.44337559 0.00000000 -0.81649655 -0.57735020 1.44337559 0.00000000 0.00000000 0.00000000 1.00000000
0.70710683 -0.40824825 0.57735020 -1.44337559 -0.70710683 -0.40824825 0.57735020 -1.44337559 0.00000000 -0.81649655 -0.57735020 1.44337559 0.00000000 0.00000000 0.00000000 1.00000000
0.70710683 -0.40824825 0.57735020 -1.44337559 -0.70710683 -0.40824825 0.57735020 -1.44337559 0.00000000 -0.81649655 -0.57735020 1.44337559 0.00000000 0.00000000 0.00000000 1.00000000
0.00000000 0.70710677 0.70710683 -1.76776695 -1.00000000 0.00000000 0.00000000 0.00000000 0.00000000 -0.70710677 0.70710683 -1.76776695 0.00000000 0.00000000 0.00000000 1.00000000
0.00000000 0.70710677 0.70710683 -1.76776695 -1.00000000 0.00000000 0.00000000 0.00000000 0.00000000 -0.70710677 0.70710683 -1.76776695 0.00000000 0.00000000 0.00000000 1.00000000
0.00000000 0.70710677 0.70710683 -1.76776695 -1.00000000 0.00000000 0.00000000 0.00000000 0.00000000 -0.70710677 0.70710683 -1.76776695 0.00000000 0.00000000 0.00000000 1.00000000
0.00000000 0.70710677 0.70710683 -1.76776695 -1.00000000 0.00000000 0.00000000 0.00000000 0.00000000 -0.70710677 0.70710683 -1.76776695 0.00000000 0.00000000 0.00000000 1.00000000
0.00000000 0.00000000 1.00000000 -2.50000000 -1.00000000 0.00000000 0.00000000 0.00000000 0.00000000 -1.00000000 0.00000000 0.00000000 0.00000000 0.00000000 0.00000000 1.00000000
0.00000000 0.00000000 1.00000000 -2.50000000 -1.00000000 0.00000000 0.00000000 0.00000000 0.00000000 -1.00000000 0.00000000 0.00000000 0.00000000 0.00000000 0.00000000 1.00000000
0.00000000 0.00000000 1.00000000 -2.50000000 -1.00000000 0.00000000 0.00000000 0.00000000 0.00000000 -1.00000000 0.00000000 0.00000000 0.00000000 0.00000000 0.00000000 1.00000000
0.00000000 0.00000000 1.00000000 -2.50000000 -1.00000000 0.00000000 0.00000000 0.00000000 0.00000000 -1.00000000 0.00000000 0.00000000 0.00000000 0.00000000 0.00000000 1.00000000
0.00000000 0.00000000 1.00000000 -2.50000000 -1.00000000 0.00000000 0.00000000 0.00000000 0.00000000 -1.00000000 0.00000000 0.00000000 0.00000000 0.00000000 0.00000000 1.00000000
0.00000000 0.00000000 1.00000000 -2.50000000 -1.00000000 0.00000000 0.00000000 0.00000000 0.00000000 -1.00000000 0.00000000 0.00000000 0.00000000 0.00000000 0.00000000 1.00000000
0.00000000 -0.70710677 0.70710683 -1.76776695 -1.00000000 0.00000000 0.00000000 0.00000000 0.00000000 -0.70710677 -0.70710683 1.76776695 0.00000000 0.00000000 0.00000000 1.00000000
0.00000000 -0.70710677 0.70710683 -1.76776695 -1.00000000 0.00000000 0.00000000 0.00000000 0.00000000 -0.70710677 -0.70710683 1.76776695 0.00000000 0.00000000 0.00000000 1.00000000
0.00000000 -0.70710677 0.70710683 -1.76776695 -1.00000000 0.00000000 0.00000000 0.00000000 0.00000000 -0.70710677 -0.70710683 1.76776695 0.00000000 0.00000000 0.00000000 1.00000000
0.00000000 -0.70710677 0.70710683 -1.76776695 -1.00000000 0.00000000 0.00000000 0.00000000 0.00000000 -0.70710677 -0.70710683 1.76776695 0.00000000 0.00000000 0.00000000 1.00000000
0.00000000 -0.70710677 0.70710683 -1.76776695 -1.00000000 0.00000000 0.00000000 0.00000000 0.00000000 -0.70710677 -0.70710683 1.76776695 0.00000000 0.00000000 0.00000000 1.00000000
-0.70710683 0.40824825 0.57735020 -1.44337559 -0.70710683 -0.40824825 -0.57735020 1.44337559 0.00000000 -0.81649655 0.57735020 -1.44337559 0.00000000 0.00000000 0.00000000 1.00000000
-0.70710683 0.40824825 0.57735020 -1.44337559 -0.70710683 -0.40824825 -0.57735020 1.44337559 0.00000000 -0.81649655 0.57735020 -1.44337559 0.00000000 0.00000000 0.00000000 1.00000000
-0.70710683 0.40824825 0.57735020 -1.44337559 -0.70710683 -0.40824825 -0.57735020 1.44337559 0.00000000 -0.81649655 0.57735020 -1.44337559 0.00000000 0.00000000 0.00000000 1.00000000
-0.70710683 0.40824825 0.57735020 -1.44337559 -0.70710683 -0.40824825 -0.57735020 1.44337559 0.00000000 -0.81649655 0.57735020 -1.44337559 0.00000000 0.00000000 0.00000000 1.00000000
-0.70710683 0.40824825 0.57735020 -1.44337559 -0.70710683 -0.40824825 -0.57735020 1.44337559 0.00000000 -0.81649655 0.57735020 -1.44337559 0.00000000 0.00000000 0.00000000 1.00000000
-0.70710683 0.40824825 0.57735020 -1.44337559 -0.70710683 -0.40824825 -0.57735020 1.44337559 0.00000000 -0.81649655 0.57735020 -1.44337559 0.00000000 0.00000000 0.00000000 1.00000000
-0.70710683 0.40824825 0.57735020 -1.44337559 -0.70710683 -0.40824825 -0.57735020 1.44337559 0.00000000 -0.81649655 0.57735020 -1.44337559 0.00000000 0.00000000 0.00000000 1.00000000
-0.70710683 0.40824825 0.57735020 -1.44337559 -0.70710683 -0.40824825 -0.57735020 1.44337559 0.00000000 -0.81649655 0.57735020 -1.44337559 0.00000000 0.00000000 0.00000000 1.00000000
-0.70710683 0.40824825 0.57735020 -1.44337559 -0.70710683 -0.40824825 -0.57735020 1.44337559 0.00000000 -0.81649655 0.57735020 -1.44337559 0.00000000 0.00000000 0.00000000 1.00000000
-0.70710683 0.40824825 0.57735020 -1.44337559 -0.70710683 -0.40824825 -0.57735020 1.44337559 0.00000000 -0.81649655 0.57735020 -1.44337559 0.00000000 0.00000000 0.00000000 1.00000000
-0.70710683 0.40824825 0.57735020 -1.44337559 -0.70710683 -0.40824825 -0.57735020 1.44337559 0.00000000 -0.81649655 0.57735020 -1.44337559 0.00000000 0.00000000 0.00000000 1.00000000
-0.70710683 0.00000000 0.70710683 -1.76776695 -0.70710683 0.00000000 -0.70710683 1.76776695 0.00000000 -1.00000000 0.00000000 0.00000000 0.00000000 0.00000000 0.00000000 1.00000000
-0.70710683 0.00000000 0.70710683 -1.76776695 -0.70710683 0.00000000 -0.70710683 1.76776695 0.00000000 -1.00000000 0.00000000 0.00000000 0.00000000 0.00000000 0.00000000 1.00000000
-0.70710683 0.00000000 0.70710683 -1.76776695 -0.70710683 0.00000000 -0.70710683 1.76776695 0.00000000 -1.00000000 0.00000000 0.00000000 0.00000000 0.00000000 0.00000000 1.00000000
-0.70710683 0.00000000 0.70710683 -1.76776695 -0.70710683 0.00000000 -0.70710683 1.76776695 0.00000000 -1.00000000 0.00000000 0.00000000 0.00000000 0.00000000 0.00000000 1.00000000
-0.70710683 0.00000000 0.70710683 -1.76776695 -0.70710683 0.00000000 -0.70710683 1.76776695 0.00000000 -1.00000000 0.00000000 0.00000000 0.00000000 0.00000000 0.00000000 1.00000000
-0.70710683 0.00000000 0.70710683 -1.76776695 -0.70710683 0.00000000 -0.70710683 1.76776695 0.00000000 -1.00000000 0.00000000 0.00000000 0.00000000 0.00000000 0.00000000 1.00000000
-0.70710683 0.00000000 0.70710683 -1.76776695 -0.70710683 0.00000000 -0.70710683 1.76776695 0.00000000 -1.00000000 0.00000000 0.00000000 0.00000000 0.00000000 0.00000000 1.00000000
-0.70710683 0.00000000 0.70710683 -1.76776695 -0.70710683 0.00000000 -0.70710683 1.76776695 0.00000000 -1.00000000 0.00000000 0.00000000 0.00000000 0.00000000 0.00000000 1.00000000
-0.70710683 0.00000000 0.70710683 -1.76776695 -0.70710683 0.00000000 -0.70710683 1.76776695 0.00000000 -1.00000000 0.00000000 0.00000000 0.00000000 0.00000000 0.00000000 1.00000000
-0.70710683 0.00000000 0.70710683 -1.76776695 -0.70710683 0.00000000 -0.70710683 1.76776695 0.00000000 -1.00000000 0.00000000 0.00000000 0.00000000 0.00000000 0.00000000 1.00000000
-0.70710683 0.00000000 0.70710683 -1.76776695 -0.70710683 0.00000000 -0.70710683 1.76776695 0.00000000 -1.00000000 0.00000000 0.00000000 0.00000000 0.00000000 0.00000000 1.00000000
-0.70710683 0.00000000 0.70710683 -1.76776695 -0.70710683 0.00000000 -0.70710683 1.76776695 0.00000000 -1.00000000 0.00000000 0.00000000 0.00000000 0.00000000 0.00000000 1.00000000
-0.70710683 0.00000000 0.70710683 -1.76776695 -0.70710683 0.00000000 -0.70710683 1.76776695 0.00000000 -1.00000000 0.00000000 0.00000000 0.00000000 0.00000000 0.00000000 1.00000000
-0.70710683 0.00000000 0.70710683 -1.76776695 -0.70710683 0.00000000 -0.70710683 1.76776695 0.00000000 -1.00000000 0.00000000 0.00000000 0.00000000 0.00000000 0.00000000 1.00000000
-0.70710683 0.00000000 0.70710683 -1.76776695 -0.70710683 0.00000000 -0.70710683 1.76776695 0.00000000 -1.00000000 0.00000000 0.00000000 0.00000000 0.00000000 0.00000000 1.00000000
-0.70710683 -0.40824825 0.57735020 -1.44337559 -0.70710683 0.40824825 -0.57735020 1.44337559 0.00000000 -0.81649655 -0.57735020 1.44337559 0.00000000 0.00000000 0.00000000 1.00000000
-0.70710683 -0.40824825 0.57735020 -1.44337559 -0.70710683 0.40824825 -0.57735020 1.44337559 0.00000000 -0.81649655 -0.57735020 1.44337559 0.00000000 0.00000000 0.00000000 1.00000000
-0.70710683 -0.40824825 0.57735020 -1.44337559 -0.70710683 0.40824825 -0.57735020 1.44337559 0.00000000 -0.81649655 -0.57735020 1.44337559 0.00000000 0.00000000 0.00000000 1.00000000
-0.70710683 -0.40824825 0.57735020 -1.44337559 -0.70710683 0.40824825 -0.57735020 1.44337559 0.00000000 -0.81649655 -0.57735020 1.44337559 0.00000000 0.00000000 0.00000000 1.00000000
-0.70710683 -0.40824825 0.57735020 -1.44337559 -0.70710683 0.40824825 -0.57735020 1.44337559 0.00000000 -0.81649655 -0.57735020 1.44337559 0.00000000 0.00000000 0.00000000 1.00000000
-0.70710683 -0.40824825 0.57735020 -1.44337559 -0.70710683 0.40824825 -0.57735020 1.44337559 0.00000000 -0.81649655 -0.57735020 1.44337559 0.00000000 0.00000000 0.00000000 1.00000000
-0.70710683 -0.40824825 0.57735020 -1.44337559 -0.70710683 0.40824825 -0.57735020 1.44337559 0.00000000 -0.81649655 -0.57735020 1.44337559 0.00000000 0.00000000 0.00000000 1.00000000
-0.70710683 -0.40824825 0.57735020 -1.44337559 -0.70710683 0.40824825 -0.57735020 1.44337559 0.00000000 -0.81649655 -0.57735020 1.44337559 0.00000000 0.00000000 0.00000000 1.00000000
-0.70710683 -0.40824825 0.57735020 -1.44337559 -0.70710683 0.40824825 -0.57735020 1.44337559 0.00000000 -0.81649655 -0.57735020 1.44337559 0.00000000 0.00000000 0.00000000 1.00000000
-0.70710683 -0.40824825 0.57735020 -1.44337559 -0.70710683 0.40824825 -0.57735020 1.44337559 0.00000000 -0.81649655 -0.57735020 1.44337559 0.00000000 0.00000000 0.00000000 1.00000000
-0.70710683 -0.40824825 0.57735020 -1.44337559 -0.70710683 0.40824825 -0.57735020 1.44337559 0.00000000 -0.81649655 -0.57735020 1.44337559 0.00000000 0.00000000 0.00000000 1.00000000
0.95782638 0.19876269 0.20751435 -0.51878583 -0.28734788 0.66254234 0.69171453 -1.72928619 0.00000000 -0.72217095 0.69171453 -1.72928619 0.00000000 0.00000000 0.00000000 1.00000000
0.95782638 0.19876269 0.20751435 -0.51878583 -0.28734788 0.66254234 0.69171453 -1.72928619 0.00000000 -0.72217095 0.69171453 -1.72928619 0.00000000 0.00000000 0.00000000 1.00000000
0.95782638 0.19876269 0.20751435 -0.51878583 -0.28734788 0.66254234 0.69171453 -1.72928619 0.00000000 -0.72217095 0.69171453 -1.72928619 0.00000000 0.00000000 0.00000000 1.00000000
0.95782638 0.19876269 0.20751435 -0.51878583 -0.28734788 0.66254234 0.69171453 -1.72928619 0.00000000 -0.72217095 0.69171453 -1.72928619 0.00000000 0.00000000 0.00000000 1.00000000
0.95782638 0.19876269 0.20751435 -0.51878583 -0.28734788 0.66254234 0.69171453 -1.72928619 0.00000000 -0.72217095 0.69171453 -1.72928619 0.00000000 0.00000000 0.00000000 1.00000000
0.95782638 0.19876269 0.20751435 -0.51878583 -0.28734788 0.66254234 0.69171453 -1.72928619 0.00000000 -0.72217095 0.69171453 -1.72928619 0.00000000 0.00000000 0.00000000 1.00000000
0.95782638 0.19876269 0.20751435 -0.51878583 -0.28734788 0.66254234 0.69171453 -1.72928619 0.00000000 -0.72217095 0.69171453 -1.72928619 0.00000000 0.00000000 0.00000000 1.00000000
0.95782638 0.19876269 0.20751435 -0.51878583 -0.28734788 0.66254234 0.69171453 -1.72928619 0.00000000 -0.72217095 0.69171453 -1.72928619 0.00000000 0.00000000 0.00000000 1.00000000
0.95782638 0.19876269 0.20751435 -0.51878583 -0.28734788 0.66254234 0.69171453 -1.72928619 0.00000000 -0.72217095 0.69171453 -1.72928619 0.00000000 0.00000000 0.00000000 1.00000000
0.95782638 0.19876269 0.20751435 -0.51878583 -0.28734788 0.66254234 0.69171453 -1.72928619 0.00000000 -0.72217095 0.69171453 -1.72928619 0.00000000 0.00000000 0.00000000 1.00000000
0.95782638 0.19876269 0.20751435 -0.51878583 -0.28734788 0.66254234 0.69171453 -1.72928619 0.00000000 -0.72217095 0.69171453 -1.72928619 0.00000000 0.00000000 0.00000000 1.00000000
0.95782638 0.19876269 0.20751435 -0.51878583 -0.28734788 0.66254234 0.69171453 -1.72928619 0.00000000 -0.72217095 0.69171453 -1.72928619 0.00000000 0.00000000 0.00000000 1.00000000
0.95782638 0.19876269 0.20751435 -0.51878583 -0.28734788 0.66254234 0.69171453 -1.72928619 0.00000000 -0.72217095 0.69171453 -1.72928619 0.00000000 0.00000000 0.00000000 1.00000000
0.95782638 0.19876269 0.20751435 -0.51878583 -0.28734788 0.66254234 0.69171453 -1.72928619 0.00000000 -0.72217095 0.69171453 -1.72928619 0.00000000 0.00000000 0.00000000 1.00000000
0.95782638 0.19876269 0.20751435 -0.51878583 -0.28734788 0.66254234 0.69171453 -1.72928619 0.00000000 -0.72217095 0.69171453 -1.72928619 0.00000000 0.00000000 0.00000000 1.00000000
0.95782638 0.19876269 0.20751435 -0.51878583 -0.28734788 0.66254234 0.69171453 -1.72928619 0.00000000 -0.72217095 0.69171453 -1.72928619 0.00000000 0.00000000 0.00000000 1.00000000
0.95782638 0.19876269 0.20751435 -0.51878583 -0.28734788 0.66254234 0.69171453 -1.72928619 0.00000000 -0.72217095 0.69171453 -1.72928619 0.00000000 0.00000000 0.00000000 1.00000000
0.95782638 0.19876269 0.20751435 -0.51878583 -0.28734788 0.66254234 0.69171453 -1.72928619 0.00000000 -0.72217095 0.69171453 -1.72928619 0.00000000 0.00000000 0.00000000 1.00000000
0.95782638 0.19876269 0.20751435 -0.51878583 -0.28734788 0.66254234 0.69171453 -1.72928619 0.00000000 -0.72217095 0.69171453 -1.72928619 0.00000000 0.00000000 0.00000000 1.00000000
0.95782638 0.19876269 0.20751435 -0.51878583 -0.28734788 0.66254234 0.69171453 -1.72928619 0.00000000 -0.72217095 0.69171453 -1.72928619 0.00000000 0.00000000 0.00000000 1.00000000
0.95782638 0.19876269 0.20751435 -0.51878583 -0.28734788 0.66254234 0.69171453 -1.72928619 0.00000000 -0.72217095 0.69171453 -1.72928619 0.00000000 0.00000000 0.00000000 1.00000000
0.95782638 0.19876269 0.20751435 -0.51878583 -0.28734788 0.66254234 0.69171453 -1.72928619 0.00000000 -0.72217095 0.69171453 -1.72928619 0.00000000 0.00000000 0.00000000 1.00000000
0.95782638 0.19876269 0.20751435 -0.51878583 -0.28734788 0.66254234 0.69171453 -1.72928619 0.00000000 -0.72217095 0.69171453 -1.72928619 0.00000000 0.00000000 0.00000000 1.00000000
0.95782638 0.19876269 0.20751435 -0.51878583 -0.28734788 0.66254234 0.69171453 -1.72928619 0.00000000 -0.72217095 0.69171453 -1.72928619 0.00000000 0.00000000 0.00000000 1.00000000
0.95782632 0.00000000 0.28734788 -0.71836972 -0.28734788 0.00000000 0.95782632 -2.39456558 0.00000000 -1.00000000 0.00000000 0.00000000 0.00000000 0.00000000 0.00000000 1.00000000
0.95782632 0.00000000 0.28734788 -0.71836972 -0.28734788 0.00000000 0.95782632 -2.39456558 0.00000000 -1.00000000 0.00000000 0.00000000 0.00000000 0.00000000 0.00000000 1.00000000
0.95782632 0.00000000 0.28734788 -0.71836972 -0.28734788 0.00000000 0.95782632 -2.39456558 0.00000000 -1.00000000 0.00000000 0.00000000 0.00000000 0.00000000 0.00000000 1.00000000
0.95782632 0.00000000 0.28734788 -0.71836972 -0.28734788 0.00000000 0.95782632 -2.39456558 0.00000000 -1.00000000 0.00000000 0.00000000 0.00000000 0.00000000 0.00000000 1.00000000
0.95782632 0.00000000 0.28734788 -0.71836972 -0.28734788 0.00000000 0.95782632 -2.39456558 0.00000000 -1.00000000 0.00000000 0.00000000 0.00000000 0.00000000 0.00000000 1.00000000
0.95782632 0.00000000 0.28734788 -0.71836972 -0.28734788 0.00000000 0.95782632 -2.39456558 0.00000000 -1.00000000 0.00000000 0.00000000 0.00000000 0.00000000 0.00000000 1.00000000
0.95782632 0.00000000 0.28734788 -0.71836972 -0.28734788 0.00000000 0.95782632 -2.39456558 0.00000000 -1.00000000 0.00000000 0.00000000 0.00000000 0.00000000 0.00000000 1.00000000
0.95782632 0.00000000 0.28734788 -0.71836972 -0.28734788 0.00000000 0.95782632 -2.39456558 0.00000000 -1.00000000 0.00000000 0.00000000 0.00000000 0.00000000 0.00000000 1.00000000
0.95782632 0.00000000 0.28734788 -0.71836972 -0.28734788 0.00000000 0.95782632 -2.39456558 0.00000000 -1.00000000 0.00000000 0.00000000 0.00000000 0.00000000 0.00000000 1.00000000
0.95782632 0.00000000 0.28734788 -0.71836972 -0.28734788 0.00000000 0.95782632 -2.39456558 0.00000000 -1.00000000 0.00000000 0.00000000 0.00000000 0.00000000 0.00000000 1.00000000
0.95782632 0.00000000 0.28734788 -0.71836972 -0.28734788 0.00000000 0.95782632 -2.39456558 0.00000000 -1.00000000 0.00000000 0.00000000 0.00000000 0.00000000 0.00000000 1.00000000
0.95782632 0.00000000 0.28734788 -0.71836972 -0.28734788 0.00000000 0.95782632 -2.39456558 0.00000000 -1.00000000 0.00000000 0.00000000 0.00000000 0.00000000 0.00000000 1.00000000
0.95782632 0.00000000 0.28734788 -0.71836972 -0.28734788 0.00000000 0.95782632 -2.39456558 0.00000000 -1.00000000 0.00000000 0.00000000 0.00000000 0.00000000 0.00000000 1.00000000
0.95782632 0.00000000 0.28734788 -0.71836972 -0.28734788 0.00000000 0.95782632 -2.39456558 0.00000000 -1.00000000 0.00000000 0.00000000 0.00000000 0.00000000 0.00000000 1.00000000
0.95782632 0.00000000 0.28734788 -0.71836972 -0.28734788 0.00000000 0.95782632 -2.39456558 0.00000000 -1.00000000 0.00000000 0.00000000 0.00000000 0.00000000 0.00000000 1.00000000
0.95782632 0.00000000 0.28734788 -0.71836972 -0.28734788 0.00000000 0.95782632 -2.39456558 0.00000000 -1.00000000 0.00000000 0.00000000 0.00000000 0.00000000 0.00000000 1.00000000
0.95782632 0.00000000 0.28734788 -0.71836972 -0.28734788 0.00000000 0.95782632 -2.39456558 0.00000000 -1.00000000 0.00000000 0.00000000 0.00000000 0.00000000 0.00000000 1.00000000
0.95782632 0.00000000 0.28734788 -0.71836972 -0.28734788 0.00000000 0.95782632 -2.39456558 0.00000000 -1.00000000 0.00000000 0.00000000 0.00000000 0.00000000 0.00000000 1.00000000
0.95782632 0.00000000 0.28734788 -0.71836972 -0.28734788 0.00000000 0.95782632 -2.39456558 0.00000000 -1.00000000 0.00000000 0.00000000 0.00000000 0.00000000 0.00000000 1.00000000
0.95782632 0.00000000 0.28734788 -0.71836972 -0.28734788 0.00000000 0.95782632 -2.39456558 0.00000000 -1.00000000 0.00000000 0.00000000 0.00000000 0.00000000 0.00000000 1.00000000
0.95782632 0.00000000 0.28734788 -0.71836972 -0.28734788 0.00000000 0.95782632 -2.39456558 0.00000000 -1.00000000 0.00000000 0.00000000 0.00000000 0.00000000 0.00000000 1.00000000
0.95782632 0.00000000 0.28734788 -0.71836972 -0.28734788 0.00000000 0.95782632 -2.39456558 0.00000000 -1.00000000 0.00000000 0.00000000 0.00000000 0.00000000 0.00000000 1.00000000
0.95782632 0.00000000 0.28734788 -0.71836972 -0.28734788 0.00000000 0.95782632 -2.39456558 0.00000000 -1.00000000 0.00000000 0.00000000 0.00000000 0.00000000 0.00000000 1.00000000
0.95782632 0.00000000 0.28734788 -0.71836972 -0.28734788 0.00000000 0.95782632 -2.39456558 0.00000000 -1.00000000 0.00000000 0.00000000 0.00000000 0.00000000 0.00000000 1.00000000
0.95782632 0.00000000 0.28734788 -0.71836972 -0.28734788 0.00000000 0.95782632 -2.39456558 0.00000000 -1.00000000 0.00000000 0.00000000 0.00000000 0.00000000 0.00000000 1.00000000
0.95782632 0.00000000 0.28734788 -0.71836972 -0.28734788 0.00000000 0.95782632 -2.39456558 0.00000000 -1.00000000 0.00000000 0.00000000 0.00000000 0.00000000 0.00000000 1.00000000
0.95782632 0.00000000 0.28734788 -0.71836972 -0.28734788 0.00000000 0.95782632 -2.39456558 0.00000000 -1.00000000 0.00000000 0.00000000 0.00000000 0.00000000 0.00000000 1.00000000
0.95782632 0.00000000 0.28734788 -0.71836972 -0.28734788 0.00000000 0.95782632 -2.39456558 0.00000000 -1.00000000 0.00000000 0.00000000 0.00000000 0.00000000 0.00000000 1.00000000
0.95782632 0.00000000 0.28734788 -0.71836972 -0.28734788 0.00000000 0.95782632 -2.39456558 0.00000000 -1.00000000 0.00000000 0.00000000 0.00000000 0.00000000 0.00000000 1.00000000
0.95782638 -0.19876269 0.20751435 -0.51878583 -0.28734788 -0.66254234 0.69171453 -1.72928619 0.00000000 -0.72217095 -0.69171453 1.72928619 0.00000000 0.00000000 0.00000000 1.00000000
0.95782638 -0.19876269 0.20751435 -0.51878583 -0.28734788 -0.66254234 0.69171453 -1.72928619 0.00000000 -0.72217095 -0.69171453 1.72928619 0.00000000 0.00000000 0.00000000 1.00000000
0.95782638 -0.19876269 0.20751435 -0.51878583 -0.28734788 -0.66254234 0.69171453 -1.72928619 0.00000000 -0.72217095 -0.69171453 1.72928619 0.00000000 0.00000000 0.00000000 1.00000000
0.95782638 -0.19876269 0.20751435 -0.51878583 -0.28734788 -0.66254234 0.69171453 -1.72928619 0.00000000 -0.72217095 -0.69171453 1.72928619 0.00000000 0.00000000 0.00000000 1.00000000
0.95782638 -0.19876269 0.20751435 -0.51878583 -0.28734788 -0.66254234 0.69171453 -1.72928619 0.00000000 -0.72217095 -0.69171453 1.72928619 0.00000000 0.00000000 0.00000000 1.00000000
0.95782638 -0.19876269 0.20751435 -0.51878583 -0.28734788 -0.66254234 0.69171453 -1.72928619 0.00000000 -0.72217095 -0.69171453 1.72928619 0.00000000 0.00000000 0.00000000 1.00000000
0.95782638 -0.19876269 0.20751435 -0.51878583 -0.28734788 -0.66254234 0.69171453 -1.72928619 0.00000000 -0.72217095 -0.69171453 1.72928619 0.00000000 0.00000000 0.00000000 1.00000000
0.95782638 -0.19876269 0.20751435 -0.51878583 -0.28734788 -0.66254234 0.69171453 -1.72928619 0.00000000 -0.72217095 -0.69171453 1.72928619 0.00000000 0.00000000 0.00000000 1.00000000
0.95782638 -0.19876269 0.20751435 -0.51878583 -0.28734788 -0.66254234 0.69171453 -1.72928619 0.00000000 -0.72217095 -0.69171453 1.72928619 0.00000000 0.00000000 0.00000000 1.00000000
0.95782638 -0.19876269 0.20751435 -0.51878583 -0.28734788 -0.66254234 0.69171453 -1.72928619 0.00000000 -0.72217095 -0.69171453 1.72928619 0.00000000 0.00000000 0.00000000 1.00000000
0.95782638 -0.19876269 0.20751435 -0.51878583 -0.28734788 -0.66254234 0.69171453 -1.72928619 0.00000000 -0.72217095 -0.69171453 1.72928619 0.00000000 0.00000000 0.00000000 1.00000000
0.95782638 -0.19876269 0.20751435 -0.51878583 -0.28734788 -0.66254234 0.69171453 -1.72928619 0.00000000 -0.72217095 -0.69171453 1.72928619 0.00000000 0.00000000 0.00000000 1.00000000
0.95782638 -0.19876269 0.20751435 -0.51878583 -0.28734788 -0.66254234 0.69171453 -1.72928619 0.00000000 -0.72217095 -0.69171453 1.72928619 0.00000000 0.00000000 0.00000000 1.00000000
0.95782638 -0.19876269 0.20751435 -0.51878583 -0.28734788 -0.66254234 0.69171453 -1.72928619 0.00000000 -0.72217095 -0.69171453 1.72928619 0.00000000 0.00000000 0.00000000 1.00000000
0.95782638 -0.19876269 0.20751435 -0.51878583 -0.28734788 -0.66254234 0.69171453 -1.72928619 0.00000000 -0.72217095 -0.69171453 1.72928619 0.00000000 0.00000000 0.00000000 1.00000000
0.95782638 -0.19876269 0.20751435 -0.51878583 -0.28734788 -0.66254234 0.69171453 -1.72928619 0.00000000 -0.72217095 -0.69171453 1.72928619 0.00000000 0.00000000 0.00000000 1.00000000
0.95782638 -0.19876269 0.20751435 -0.51878583 -0.28734788 -0.66254234 0.69171453 -1.72928619 0.00000000 -0.72217095 -0.69171453 1.72928619 0.00000000 0.00000000 0.00000000 1.00000000
0.95782638 -0.19876269 0.20751435 -0.51878583 -0.28734788 -0.66254234 0.69171453 -1.72928619 0.00000000 -0.72217095 -0.69171453 1.72928619 0.00000000 0.00000000 0.00000000 1.00000000
0.95782638 -0.19876269 0.20751435 -0.51878583 -0.28734788 -0.66254234 0.69171453 -1.72928619 0.00000000 -0.72217095 -0.69171453 1.72928619 0.00000000 0.00000000 0.00000000 1.00000000
0.95782638 -0.19876269 0.20751435 -0.51878583 -0.28734788 -0.66254234 0.69171453 -1.72928619 0.00000000 -0.72217095 -0.69171453 1.72928619 0.00000000 0.00000000 0.00000000 1.00000000
0.00000000 0.95782632 0.28734788 -0.71836972 -1.00000000 0.00000000 0.00000000 0.00000000 0.00000000 -0.28734773 0.95782632 -2.39456558 0.00000000 0.00000000 0.00000000 1.00000000
0.00000000 0.95782632 0.28734788 -0.71836972 -1.00000000 0.00000000 0.00000000 0.00000000 0.00000000 -0.28734773 0.95782632 -2.39456558 0.00000000 0.00000000 0.00000000 1.00000000
0.00000000 0.00000000 1.00000000 -2.50000000 -1.00000000 0.00000000 0.00000000 0.00000000 0.00000000 -1.00000000 0.00000000 0.00000000 0.00000000 0.00000000 0.00000000 1.00000000
0.00000000 0.00000000 1.00000000 -2.50000000 -1.00000000 0.00000000 0.00000000 0.00000000 0.00000000 -1.00000000 0.00000000 0.00000000 0.00000000 0.00000000 0.00000000 1.00000000
0.00000000 0.00000000 1.00000000 -2.50000000 -1.00000000 0.00000000 0.00000000 0.00000000 0.00000000 -1.00000000 0.00000000 0.00000000 0.00000000 0.00000000 0.00000000 1.00000000
0.00000000 0.00000000 1.00000000 -2.50000000 -1.00000000 0.00000000 0.00000000 0.00000000 0.00000000 -1.00000000 0.00000000 0.00000000 0.00000000 0.00000000 0.00000000 1.00000000
0.00000000 0.00000000 1.00000000 -2.50000000 -1.00000000 0.00000000 0.00000000 0.00000000 0.00000000 -1.00000000 0.00000000 0.00000000 0.00000000 0.00000000 0.00000000 1.00000000
0.00000000 0.00000000 1.00000000 -2.50000000 -1.00000000 0.00000000 0.00000000 0.00000000 0.00000000 -1.00000000 0.00000000 0.00000000 0.00000000 0.00000000 0.00000000 1.00000000
0.00000000 -0.95782632 0.28734788 -0.71836972 -1.00000000 0.00000000 0.00000000 0.00000000 0.00000000 -0.28734773 -0.95782632 2.39456558 0.00000000 0.00000000 0.00000000 1.00000000
0.00000000 -0.95782632 0.28734788 -0.71836972 -1.00000000 0.00000000 0.00000000 0.00000000 0.00000000 -0.28734773 -0.95782632 2.39456558 0.00000000 0.00000000 0.00000000 1.00000000
-0.95782638 0.19876269 0.20751435 -0.51878583 -0.28734788 -0.66254234 -0.69171453 1.72928619 0.00000000 -0.72217095 0.69171453 -1.72928619 0.00000000 0.00000000 0.00000000 1.00000000
-0.95782638 0.19876269 0.20751435 -0.51878583 -0.28734788 -0.66254234 -0.69171453 1.72928619 0.00000000 -0.72217095 0.69171453 -1.72928619 0.00000000 0.00000000 0.00000000 1.00000000
-0.95782638 0.19876269 0.20751435 -0.51878583 -0.28734788 -0.66254234 -0.69171453 1.72928619 0.00000000 -0.72217095 0.69171453 -1.72928619 0.00000000 0.00000000 0.00000000 1.00000000
-0.95782638 0.19876269 0.20751435 -0.51878583 -0.28734788 -0.66254234 -0.69171453 1.72928619 0.00000000 -0.72217095 0.69171453 -1.72928619 0.00000000 0.00000000 0.00000000 1.00000000
-0.95782638 0.19876269 0.20751435 -0.51878583 -0.28734788 -0.66254234 -0.69171453 1.72928619 0.00000000 -0.72217095 0.69171453 -1.72928619 0.00000000 0.00000000 0.00000000 1.00000000
-0.95782638 0.19876269 0.20751435 -0.51878583 -0.28734788 -0.66254234 -0.69171453 1.72928619 0.00000000 -0.72217095 0.69171453 -1.72928619 0.00000000 0.00000000 0.00000000 1.00000000
-0.95782638 0.19876269 0.20751435 -0.51878583 -0.28734788 -0.66254234 -0.69171453 1.72928619 0.00000000 -0.72217095 0.69171453 -1.72928619 0.00000000 0.00000000 0.00000000 1.00000000
-0.95782638 0.19876269 0.20751435 -0.51878583 -0.28734788 -0.66254234 -0.69171453 1.72928619 0.00000000 -0.72217095 0.69171453 -1.72928619 0.00000000 0.00000000 0.00000000 1.00000000
-0.95782638 0.19876269 0.20751435 -0.51878583 -0.28734788 -0.66254234 -0.69171453 1.72928619 0.00000000 -0.72217095 0.69171453 -1.72928619 0.00000000 0.00000000 0.00000000 1.00000000
-0.95782638 0.19876269 0.20751435 -0.51878583 -0.28734788 -0.66254234 -0.69171453 1.72928619 0.00000000 -0.72217095 0.69171453 -1.72928619 0.00000000 0.00000000 0.00000000 1.00000000
-0.95782638 0.19876269 0.20751435 -0.51878583 -0.28734788 -0.66254234 -0.69171453 1.72928619 0.00000000 -0.72217095 0.69171453 -1.72928619 0.00000000 0.00000000 0.00000000 1.00000000
-0.95782638 0.19876269 0.20751435 -0.51878583 -0.28734788 -0.66254234 -0.69171453 1.72928619 0.00000000 -0.72217095 0.69171453 -1.72928619 0.00000000 0.00000000 0.00000000 1.00000000
-0.95782638 0.19876269 0.20751435 -0.51878583 -0.28734788 -0.66254234 -0.69171453 1.72928619 0.00000000 -0.72217095 0.69171453 -1.72928619 0.00000000 0.00000000 0.00000000 1.00000000
-0.95782632 0.00000000 0.28734788 -0.71836972 -0.28734788 0.00000000 -0.95782632 2.39456558 0.00000000 -1.00000000 0.00000000 0.00000000 0.00000000 0.00000000 0.00000000 1.00000000
-0.95782632 0.00000000 0.28734788 -0.71836972 -0.28734788 0.00000000 -0.95782632 2.39456558 0.00000000 -1.00000000 0.00000000 0.00000000 0.00000000 0.00000000 0.00000000 1.00000000
-0.95782632 0.00000000 0.28734788 -0.71836972 -0.28734788 0.00000000 -0.95782632 2.39456558 0.00000000 -1.00000000 0.00000000 0.00000000 0.00000000 0.00000000 0.00000000 1.00000000
-0.95782632 0.00000000 0.28734788 -0.71836972 -0.28734788 0.00000000 -0.95782632 2.39456558 0.00000000 -1.00000000 0.00000000 0.00000000 0.00000000 0.00000000 0.00000000 1.00000000
-0.95782632 0.00000000 0.28734788 -0.71836972 -0.28734788 0.00000000 -0.95782632 2.39456558 0.00000000 -1.00000000 0.00000000 0.00000000 0.00000000 0.00000000 0.00000000 1.00000000
-0.95782632 0.00000000 0.28734788 -0.71836972 -0.28734788 0.00000000 -0.95782632 2.39456558 0.00000000 -1.00000000 0.00000000 0.00000000 0.00000000 0.00000000 0.00000000 1.00000000
-0.95782632 0.00000000 0.28734788 -0.71836972 -0.28734788 0.00000000 -0.95782632 2.39456558 0.00000000 -1.00000000 0.00000000 0.00000000 0.00000000 0.00000000 0.00000000 1.00000000
-0.95782632 0.00000000 0.28734788 -0.71836972 -0.28734788 0.00000000 -0.95782632 2.39456558 0.00000000 -1.00000000 0.00000000 0.00000000 0.00000000 0.00000000 0.00000000 1.00000000
-0.95782632 0.00000000 0.28734788 -0.71836972 -0.28734788 0.00000000 -0.95782632 2.39456558 0.00000000 -1.00000000 0.00000000 0.00000000 0.00000000 0.00000000 0.00000000 1.00000000
-0.95782632 0.00000000 0.28734788 -0.71836972 -0.28734788 0.00000000 -0.95782632 2.39456558 0.00000000 -1.00000000 0.00000000 0.00000000 0.00000000 0.00000000 0.00000000 1.00000000
-0.95782632 0.00000000 0.28734788 -0.71836972 -0.28734788 0.00000000 -0.95782632 2.39456558 0.00000000 -1.00000000 0.00000000 0.00000000 0.00000000 0.00000000 0.00000000 1.00000000
-0.95782632 0.00000000 0.28734788 -0.71836972 -0.28734788 0.00000000 -0.95782632 2.39456558 0.00000000 -1.00000000 0.00000000 0.00000000 0.00000000 0.00000000 0.00000000 1.00000000
-0.95782632 0.00000000 0.28734788 -0.71836972 -0.28734788 0.00000000 -0.95782632 2.39456558 0.00000000 -1.00000000 0.00000000 0.00000000 0.00000000 0.00000000 0.00000000 1.00000000
-0.95782632 0.00000000 0.28734788 -0.71836972 -0.28734788 0.00000000 -0.95782632 2.39456558 0.00000000 -1.00000000 0.00000000 0.00000000 0.00000000 0.00000000 0.00000000 1.00000000
-0.95782632 0.00000000 0.28734788 -0.71836972 -0.28734788 0.00000000 -0.95782632 2.39456558 0.00000000 -1.00000000 0.00000000 0.00000000 0.00000000 0.00000000 0.00000000 1.00000000
-0.95782632 0.00000000 0.28734788 -0.71836972 -0.28734788 0.00000000 -0.95782632 2.39456558 0.00000000 -1.00000000 0.00000000 0.00000000 0.00000000 0.00000000 0.00000000 1.00000000
-0.95782632 0.00000000 0.28734788 -0.71836972 -0.28734788 0.00000000 -0.95782632 2.39456558 0.00000000 -1.00000000 0.00000000 0.00000000 0.00000000 0.00000000 0.00000000 1.00000000
-0.95782632 0.00000000 0.28734788 -0.71836972 -0.28734788 0.00000000 -0.95782632 2.39456558 0.00000000 -1.00000000 0.00000000 0.00000000 0.00000000 0.00000000 0.00000000 1.00000000
-0.95782638 -0.19876269 0.20751435 -0.51878583 -0.28734788 0.66254234 -0.69171453 1.72928619 0.00000000 -0.72217095 -0.69171453 1.72928619 0.00000000 0.00000000 0.00000000 1.00000000
-0.95782638 -0.19876269 0.20751435 -0.51878583 -0.28734788 0.66254234 -0.69171453 1.72928619 0.00000000 -0.72217095 -0.69171453 1.72928619 0.00000000 0.00000000 0.00000000 1.00000000
-0.95782638 -0.19876269 0.20751435 -0.51878583 -0.28734788 0.66254234 -0.69171453 1.72928619 0.00000000 -0.72217095 -0.69171453 1.72928619 0.00000000 0.00000000 0.00000000 1.00000000
-0.95782638 -0.19876269 0.20751435 -0.51878583 -0.28734788 0.66254234 -0.69171453 1.72928619 0.00000000 -0.72217095 -0.69171453 1.72928619 0.00000000 0.00000000 0.00000000 1.00000000
-0.95782638 -0.19876269 0.20751435 -0.51878583 -0.28734788 0.66254234 -0.69171453 1.72928619 0.00000000 -0.72217095 -0.69171453 1.72928619 0.00000000 0.00000000 0.00000000 1.00000000
-0.95782638 -0.19876269 0.20751435 -0.51878583 -0.28734788 0.66254234 -0.69171453 1.72928619 0.00000000 -0.72217095 -0.69171453 1.72928619 0.00000000 0.00000000 0.00000000 1.00000000
-0.95782638 -0.19876269 0.20751435 -0.51878583 -0.28734788 0.66254234 -0.69171453 1.72928619 0.00000000 -0.72217095 -0.69171453 1.72928619 0.00000000 0.00000000 0.00000000 1.00000000
-0.95782638 -0.19876269 0.20751435 -0.51878583 -0.28734788 0.66254234 -0.69171453 1.72928619 0.00000000 -0.72217095 -0.69171453 1.72928619 0.00000000 0.00000000 0.00000000 1.00000000
-0.95782638 -0.19876269 0.20751435 -0.51878583 -0.28734788 0.66254234 -0.69171453 1.72928619 0.00000000 -0.72217095 -0.69171453 1.72928619 0.00000000 0.00000000 0.00000000 1.00000000
-0.95782638 -0.19876269 0.20751435 -0.51878583 -0.28734788 0.66254234 -0.69171453 1.72928619 0.00000000 -0.72217095 -0.69171453 1.72928619 0.00000000 0.00000000 0.00000000 1.00000000
-0.95782638 -0.19876269 0.20751435 -0.51878583 -0.28734788 0.66254234 -0.69171453 1.72928619 0.00000000 -0.72217095 -0.69171453 1.72928619 0.00000000 0.00000000 0.00000000 1.00000000
-0.95782638 -0.19876269 0.20751435 -0.51878583 -0.28734788 0.66254234 -0.69171453 1.72928619 0.00000000 -0.72217095 -0.69171453 1.72928619 0.00000000 0.00000000 0.00000000 1.00000000
-0.95782638 -0.19876269 0.20751435 -0.51878583 -0.28734788 0.66254234 -0.69171453 1.72928619 0.00000000 -0.72217095 -0.69171453 1.72928619 0.00000000 0.00000000 0.00000000 1.00000000
-0.95782638 -0.19876269 0.20751435 -0.51878583 -0.28734788 0.66254234 -0.69171453 1.72928619 0.00000000 -0.72217095 -0.69171453 1.72928619 0.00000000 0.00000000 0.00000000 1.00000000
-0.95782638 -0.19876269 0.20751435 -0.51878583 -0.28734788 0.66254234 -0.69171453 1.72928619 0.00000000 -0.72217095 -0.69171453 1.72928619 0.00000000 0.00000000 0.00000000 1.00000000
-0.95782638 -0.19876269 0.20751435 -0.51878583 -0.28734788 0.66254234 -0.69171453 1.72928619 0.00000000 -0.72217095 -0.69171453 1.72928619 0.00000000 0.00000000 0.00000000 1.00000000
0.95782638 -0.19876269 -0.20751435 0.51878583 0.28734788 0.66254234 0.69171453 -1.72928619 0.00000000 -0.72217095 0.69171453 -1.72928619 0.00000000 0.00000000 0.00000000 1.00000000
0.95782638 -0.19876269 -0.20751435 0.51878583 0.28734788 0.66254234 0.69171453 -1.72928619 0.00000000 -0.72217095 0.69171453 -1.72928619 0.00000000 0.00000000 0.00000000 1.00000000
0.95782638 -0.19876269 -0.20751435 0.51878583 0.28734788 0.66254234 0.69171453 -1.72928619 0.00000000 -0.72217095 0.69171453 -1.72928619 0.00000000 0.00000000 0.00000000 1.00000000
0.95782638 -0.19876269 -0.20751435 0.51878583 0.28734788 0.66254234 0.69171453 -1.72928619 0.00000000 -0.72217095 0.69171453 -1.72928619 0.00000000 0.00000000 0.00000000 1.00000000
0.95782638 -0.19876269 -0.20751435 0.51878583 0.28734788 0.66254234 0.69171453 -1.72928619 0.00000000 -0.72217095 0.69171453 -1.72928619 0.00000000 0.00000000 0.00000000 1.00000000
0.95782638 -0.19876269 -0.20751435 0.51878583 0.28734788 0.66254234 0.69171453 -1.72928619 0.00000000 -0.72217095 0.69171453 -1.72928619 0.00000000 0.00000000 0.00000000 1.00000000
0.95782638 -0.19876269 -0.20751435 0.51878583 0.28734788 0.66254234 0.69171453 -1.72928619 0.00000000 -0.72217095 0.69171453 -1.72928619 0.00000000 0.00000000 0.00000000 1.00000000
0.95782638 -0.19876269 -0.20751435 0.51878583 0.28734788 0.66254234 0.69171453 -1.72928619 0.00000000 -0.72217095 0.69171453 -1.72928619 0.00000000 0.00000000 0.00000000 1.00000000
0.95782638 -0.19876269 -0.20751435 0.51878583 0.28734788 0.66254234 0.69171453 -1.72928619 0.00000000 -0.72217095 0.69171453 -1.72928619 0.00000000 0.00000000 0.00000000 1.00000000
0.95782638 -0.19876269 -0.20751435 0.51878583 0.28734788 0.66254234 0.69171453 -1.72928619 0.00000000 -0.72217095 0.69171453 -1.72928619 0.00000000 0.00000000 0.00000000 1.00000000
0.95782638 -0.19876269 -0.20751435 0.51878583 0.28734788 0.66254234 0.69171453 -1.72928619 0.00000000 -0.72217095 0.69171453 -1.72928619 0.00000000 0.00000000 0.00000000 1.00000000
0.95782638 -0.19876269 -0.20751435 0.51878583 0.28734788 0.66254234 0.69171453 -1.72928619 0.00000000 -0.72217095 0.69171453 -1.72928619 0.00000000 0.00000000 0.00000000 1.00000000
0.95782638 -0.19876269 -0.20751435 0.51878583 0.28734788 0.66254234 0.69171453 -1.72928619 0.00000000 -0.72217095 0.69171453 -1.72928619 0.00000000 0.00000000 0.00000000 1.00000000
0.95782638 -0.19876269 -0.20751435 0.51878583 0.28734788 0.66254234 0.69171453 -1.72928619 0.00000000 -0.72217095 0.69171453 -1.72928619 0.00000000 0.00000000 0.00000000 1.00000000
0.95782638 -0.19876269 -0.20751435 0.51878583 0.28734788 0.66254234 0.69171453 -1.72928619 0.00000000 -0.72217095 0.69171453 -1.72928619 0.00000000 0.00000000 0.00000000 1.00000000
0.95782638 -0.19876269 -0.20751435 0.51878583 0.28734788 0.66254234 0.69171453 -1.72928619 0.00000000 -0.72217095 0.69171453 -1.72928619 0.00000000 0.00000000 0.00000000 1.00000000
0.95782638 -0.19876269 -0.20751435 0.51878583 0.28734788 0.66254234 0.69171453 -1.72928619 0.00000000 -0.72217095 0.69171453 -1.72928619 0.00000000 0.00000000 0.00000000 1.00000000
0.95782638 -0.19876269 -0.20751435 0.51878583 0.28734788 0.66254234 0.69171453 -1.72928619 0.00000000 -0.72217095 0.69171453 -1.72928619 0.00000000 0.00000000 0.00000000 1.00000000
0.95782638 -0.19876269 -0.20751435 0.51878583 0.28734788 0.66254234 0.69171453 -1.72928619 0.00000000 -0.72217095 0.69171453 -1.72928619 0.00000000 0.00000000 0.00000000 1.00000000
0.95782632 0.00000000 -0.28734788 0.71836972 0.28734788 0.00000000 0.95782632 -2.39456558 0.00000000 -1.00000000 0.00000000 0.00000000 0.00000000 0.00000000 0.00000000 1.00000000
0.95782632 0.00000000 -0.28734788 0.71836972 0.28734788 0.00000000 0.95782632 -2.39456558 0.00000000 -1.00000000 0.00000000 0.00000000 0.00000000 0.00000000 0.00000000 1.00000000
0.95782632 0.00000000 -0.28734788 0.71836972 0.28734788 0.00000000 0.95782632 -2.39456558 0.00000000 -1.00000000 0.00000000 0.00000000 0.00000000 0.00000000 0.00000000 1.00000000
0.95782632 0.00000000 -0.28734788 0.71836972 0.28734788 0.00000000 0.95782632 -2.39456558 0.00000000 -1.00000000 0.00000000 0.00000000 0.00000000 0.00000000 0.00000000 1.00000000
0.95782632 0.00000000 -0.28734788 0.71836972 0.28734788 0.00000000 0.95782632 -2.39456558 0.00000000 -1.00000000 0.00000000 0.00000000 0.00000000 0.00000000 0.00000000 1.00000000
0.95782632 0.00000000 -0.28734788 0.71836972 0.28734788 0.00000000 0.95782632 -2.39456558 0.00000000 -1.00000000 0.00000000 0.00000000 0.00000000 0.00000000 0.00000000 1.00000000
0.95782632 0.00000000 -0.28734788 0.71836972 0.28734788 0.00000000 0.95782632 -2.39456558 0.00000000 -1.00000000 0.00000000 0.00000000 0.00000000 0.00000000 0.00000000 1.00000000
0.95782632 0.00000000 -0.28734788 0.71836972 0.28734788 0.00000000 0.95782632 -2.39456558 0.00000000 -1.00000000 0.00000000 0.00000000 0.00000000 0.00000000 0.00000000 1.00000000
0.95782632 0.00000000 -0.28734788 0.71836972 0.28734788 0.00000000 0.95782632 -2.39456558 0.00000000 -1.00000000 0.00000000 0.00000000 0.00000000 0.00000000 0.00000000 1.00000000
0.95782632 0.00000000 -0.28734788 0.71836972 0.28734788 0.00000000 0.95782632 -2.39456558 0.00000000 -1.00000000 0.00000000 0.00000000 0.00000000 0.00000000 0.00000000 1.00000000
0.95782632 0.00000000 -0.28734788 0.71836972 0.28734788 0.00000000 0.95782632 -2.39456558 0.00000000 -1.00000000 0.00000000 0.00000000 0.00000000 0.00000000 0.00000000 1.00000000
0.95782632 0.00000000 -0.28734788 0.71836972 0.28734788 0.00000000 0.95782632 -2.39456558 0.00000000 -1.00000000 0.00000000 0.00000000 0.00000000 0.00000000 0.00000000 1.00000000
0.95782632 0.00000000 -0.28734788 0.71836972 0.28734788 0.00000000 0.95782632 -2.39456558 0.00000000 -1.00000000 0.00000000 0.00000000 0.00000000 0.00000000 0.00000000 1.00000000
0.95782632 0.00000000 -0.28734788 0.71836972 0.28734788 0.00000000 0.95782632 -2.39456558 0.00000000 -1.00000000 0.00000000 0.00000000 0.00000000 0.00000000 0.00000000 1.00000000
0.95782632 0.00000000 -0.28734788 0.71836972 0.28734788 0.00000000 0.95782632 -2.39456558 0.00000000 -1.00000000 0.00000000 0.00000000 0.00000000 0.00000000 0.00000000 1.00000000
0.95782632 0.00000000 -0.28734788 0.71836972 0.28734788 0.00000000 0.95782632 -2.39456558 0.00000000 -1.00000000 0.00000000 0.00000000 0.00000000 0.00000000 0.00000000 1.00000000
0.95782632 0.00000000 -0.28734788 0.71836972 0.28734788 0.00000000 0.95782632 -2.39456558 0.00000000 -1.00000000 0.00000000 0.00000000 0.00000000 0.00000000 0.00000000 1.00000000
0.95782632 0.00000000 -0.28734788 0.71836972 0.28734788 0.00000000 0.95782632 -2.39456558 0.00000000 -1.00000000 0.00000000 0.00000000 0.00000000 0.00000000 0.00000000 1.00000000
0.95782632 0.00000000 -0.28734788 0.71836972 0.28734788 0.00000000 0.95782632 -2.39456558 0.00000000 -1.00000000 0.00000000 0.00000000 0.00000000 0.00000000 0.00000000 1.00000000
0.95782632 0.00000000 -0.28734788 0.71836972 0.28734788 0.00000000 0.95782632 -2.39456558 0.00000000 -1.00000000 0.00000000 0.00000000 0.00000000 0.00000000 0.00000000 1.00000000
0.95782632 0.00000000 -0.28734788 0.71836972 0.28734788 0.00000000 0.95782632 -2.39456558 0.00000000 -1.00000000 0.00000000 0.00000000 0.00000000 0.00000000 0.00000000 1.00000000
0.95782632 0.00000000 -0.28734788 0.71836972 0.28734788 0.00000000 0.95782632 -2.39456558 0.00000000 -1.00000000 0.00000000 0.00000000 0.00000000 0.00000000 0.00000000 1.00000000
0.95782632 0.00000000 -0.28734788 0.71836972 0.28734788 0.00000000 0.95782632 -2.39456558 0.00000000 -1.00000000 0.00000000 0.00000000 0.00000000 0.00000000 0.00000000 1.00000000
0.95782632 0.00000000 -0.28734788 0.71836972 0.28734788 0.00000000 0.95782632 -2.39456558 0.00000000 -1.00000000 0.00000000 0.00000000 0.00000000 0.00000000 0.00000000 1.00000000
0.95782632 0.00000000 -0.28734788 0.71836972 0.28734788 0.00000000 0.95782632 -2.39456558 0.00000000 -1.00000000 0.00000000 0.00000000 0.00000000 0.00000000 0.00000000 1.00000000
0.95782638 0.19876269 -0.20751435 0.51878583 0.28734788 -0.66254234 0.69171453 -1.72928619 0.00000000 -0.72217095 -0.69171453 1.72928619 0.00000000 0.00000000 0.00000000 1.00000000
0.95782638 0.19876269 -0.20751435 0.51878583 0.28734788 -0.66254234 0.69171453 -1.72928619 0.00000000 -0.72217095 -0.69171453 1.72928619 0.00000000 0.00000000 0.00000000 1.00000000
0.95782638 0.19876269 -0.20751435 0.51878583 0.28734788 -0.66254234 0.69171453 -1.72928619 0.00000000 -0.72217095 -0.69171453 1.72928619 0.00000000 0.00000000 0.00000000 1.00000000
0.95782638 0.19876269 -0.20751435 0.51878583 0.28734788 -0.66254234 0.69171453 -1.72928619 0.00000000 -0.72217095 -0.69171453 1.72928619 0.00000000 0.00000000 0.00000000 1.00000000
0.95782638 0.19876269 -0.20751435 0.51878583 0.28734788 -0.66254234 0.69171453 -1.72928619 0.00000000 -0.72217095 -0.69171453 1.72928619 0.00000000 0.00000000 0.00000000 1.00000000
0.95782638 0.19876269 -0.20751435 0.51878583 0.28734788 -0.66254234 0.69171453 -1.72928619 0.00000000 -0.72217095 -0.69171453 1.72928619 0.00000000 0.00000000 0.00000000 1.00000000
0.95782638 0.19876269 -0.20751435 0.51878583 0.28734788 -0.66254234 0.69171453 -1.72928619 0.00000000 -0.72217095 -0.69171453 1.72928619 0.00000000 0.00000000 0.00000000 1.00000000
0.95782638 0.19876269 -0.20751435 0.51878583 0.28734788 -0.66254234 0.69171453 -1.72928619 0.00000000 -0.72217095 -0.69171453 1.72928619 0.00000000 0.00000000 0.00000000 1.00000000
0.95782638 0.19876269 -0.20751435 0.51878583 0.28734788 -0.66254234 0.69171453 -1.72928619 0.00000000 -0.72217095 -0.69171453 1.72928619 0.00000000 0.00000000 0.00000000 1.00000000
0.95782638 0.19876269 -0.20751435 0.51878583 0.28734788 -0.66254234 0.69171453 -1.72928619 0.00000000 -0.72217095 -0.69171453 1.72928619 0.00000000 0.00000000 0.00000000 1.00000000
0.95782638 0.19876269 -0.20751435 0.51878583 0.28734788 -0.66254234 0.69171453 -1.72928619 0.00000000 -0.72217095 -0.69171453 1.72928619 0.00000000 0.00000000 0.00000000 1.00000000
0.95782638 0.19876269 -0.20751435 0.51878583 0.28734788 -0.66254234 0.69171453 -1.72928619 0.00000000 -0.72217095 -0.69171453 1.72928619 0.00000000 0.00000000 0.00000000 1.00000000
0.95782638 0.19876269 -0.20751435 0.51878583 0.28734788 -0.66254234 0.69171453 -1.72928619 0.00000000 -0.72217095 -0.69171453 1.72928619 0.00000000 0.00000000 0.00000000 1.00000000
0.95782638 0.19876269 -0.20751435 0.51878583 0.28734788 -0.66254234 0.69171453 -1.72928619 0.00000000 -0.72217095 -0.69171453 1.72928619 0.00000000 0.00000000 0.00000000 1.00000000
0.95782638 0.19876269 -0.20751435 0.51878583 0.28734788 -0.66254234 0.69171453 -1.72928619 0.00000000 -0.72217095 -0.69171453 1.72928619 0.00000000 0.00000000 0.00000000 1.00000000
0.95782638 0.19876269 -0.20751435 0.51878583 0.28734788 -0.66254234 0.69171453 -1.72928619 0.00000000 -0.72217095 -0.69171453 1.72928619 0.00000000 0.00000000 0.00000000 1.00000000
0.95782638 0.19876269 -0.20751435 0.51878583 0.28734788 -0.66254234 0.69171453 -1.72928619 0.00000000 -0.72217095 -0.69171453 1.72928619 0.00000000 0.00000000 0.00000000 1.00000000
0.95782638 0.19876269 -0.20751435 0.51878583 0.28734788 -0.66254234 0.69171453 -1.72928619 0.00000000 -0.72217095 -0.69171453 1.72928619 0.00000000 0.00000000 0.00000000 1.00000000
0.95782638 0.19876269 -0.20751435 0.51878583 0.28734788 -0.66254234 0.69171453 -1.72928619 0.00000000 -0.72217095 -0.69171453 1.72928619 0.00000000 0.00000000 0.00000000 1.00000000
0.95782638 0.19876269 -0.20751435 0.51878583 0.28734788 -0.66254234 0.69171453 -1.72928619 0.00000000 -0.72217095 -0.69171453 1.72928619 0.00000000 0.00000000 0.00000000 1.00000000
0.95782638 0.19876269 -0.20751435 0.51878583 0.28734788 -0.66254234 0.69171453 -1.72928619 0.00000000 -0.72217095 -0.69171453 1.72928619 0.00000000 0.00000000 0.00000000 1.00000000
0.95782638 0.19876269 -0.20751435 0.51878583 0.28734788 -0.66254234 0.69171453 -1.72928619 0.00000000 -0.72217095 -0.69171453 1.72928619 0.00000000 0.00000000 0.00000000 1.00000000
0.00000000 0.00000000 -1.00000000 2.50000000 1.00000000 0.00000000 0.00000000 0.00000000 0.00000000 -1.00000000 0.00000000 0.00000000 0.00000000 0.00000000 0.00000000 1.00000000
0.00000000 0.00000000 -1.00000000 2.50000000 1.00000000 0.00000000 0.00000000 0.00000000 0.00000000 -1.00000000 0.00000000 0.00000000 0.00000000 0.00000000 0.00000000 1.00000000
0.00000000 0.00000000 -1.00000000 2.50000000 1.00000000 0.00000000 0.00000000 0.00000000 0.00000000 -1.00000000 0.00000000 0.00000000 0.00000000 0.00000000 0.00000000 1.00000000
0.00000000 0.00000000 -1.00000000 2.50000000 1.00000000 0.00000000 0.00000000 0.00000000 0.00000000 -1.00000000 0.00000000 0.00000000 0.00000000 0.00000000 0.00000000 1.00000000
0.00000000 0.95782632 -0.28734788 0.71836972 1.00000000 0.00000000 0.00000000 0.00000000 0.00000000 -0.28734773 -0.95782632 2.39456558 0.00000000 0.00000000 0.00000000 1.00000000
0.00000000 0.95782632 -0.28734788 0.71836972 1.00000000 0.00000000 0.00000000 0.00000000 0.00000000 -0.28734773 -0.95782632 2.39456558 0.00000000 0.00000000 0.00000000 1.00000000
-0.95782638 -0.19876269 -0.20751435 0.51878583 0.28734788 -0.66254234 -0.69171453 1.72928619 0.00000000 -0.72217095 0.69171453 -1.72928619 0.00000000 0.00000000 0.00000000 1.00000000
-0.95782638 -0.19876269 -0.20751435 0.51878583 0.28734788 -0.66254234 -0.69171453 1.72928619 0.00000000 -0.72217095 0.69171453 -1.72928619 0.00000000 0.00000000 0.00000000 1.00000000
-0.95782638 -0.19876269 -0.20751435 0.51878583 0.28734788 -0.66254234 -0.69171453 1.72928619 0.00000000 -0.72217095 0.69171453 -1.72928619 0.00000000 0.00000000 0.00000000 1.00000000
-0.95782638 -0.19876269 -0.20751435 0.51878583 0.28734788 -0.66254234 -0.69171453 1.72928619 0.00000000 -0.72217095 0.69171453 -1.72928619 0.00000000 0.00000000 0.00000000 1.00000000
-0.95782638 -0.19876269 -0.20751435 0.51878583 0.28734788 -0.66254234 -0.69171453 1.72928619 0.00000000 -0.72217095 0.69171453 -1.72928619 0.00000000 0.00000000 0.00000000 1.00000000
-0.95782638 -0.19876269 -0.20751435 0.51878583 0.28734788 -0.66254234 -0.69171453 1.72928619 0.00000000 -0.72217095 0.69171453 -1.72928619 0.00000000 0.00000000 0.00000000 1.00000000
-0.95782638 -0.19876269 -0.20751435 0.51878583 0.28734788 -0.66254234 -0.69171453 1.72928619 0.00000000 -0.72217095 0.69171453 -1.72928619 0.00000000 0.00000000 0.00000000 1.00000000
-0.95782638 -0.19876269 -0.20751435 0.51878583 0.28734788 -0.66254234 -0.69171453 1.72928619 0.00000000 -0.72217095 0.69171453 -1.72928619 0.00000000 0.00000000 0.00000000 1.00000000
-0.95782638 -0.19876269 -0.20751435 0.51878583 0.28734788 -0.66254234 -0.69171453 1.72928619 0.00000000 -0.72217095 0.69171453 -1.72928619 0.00000000 0.00000000 0.00000000 1.00000000
-0.95782638 -0.19876269 -0.20751435 0.51878583 0.28734788 -0.66254234 -0.69171453 1.72928619 0.00000000 -0.72217095 0.69171453 -1.72928619 0.00000000 0.00000000 0.00000000 1.00000000
-0.95782638 -0.19876269 -0.20751435 0.51878583 0.28734788 -0.66254234 -0.69171453 1.72928619 0.00000000 -0.72217095 0.69171453 -1.72928619 0.00000000 0.00000000 0.00000000 1.00000000
-0.95782638 -0.19876269 -0.20751435 0.51878583 0.28734788 -0.66254234 -0.69171453 1.72928619 0.00000000 -0.72217095 0.69171453 -1.72928619 0.00000000 0.00000000 0.00000000 1.00000000
-0.95782638 -0.19876269 -0.20751435 0.51878583 0.28734788 -0.66254234 -0.69171453 1.72928619 0.00000000 -0.72217095 0.69171453 -1.72928619 0.00000000 0.00000000 0.00000000 1.00000000
-0.95782638 -0.19876269 -0.20751435 0.51878583 0.28734788 -0.66254234 -0.69171453 1.72928619 0.00000000 -0.72217095 0.69171453 -1.72928619 0.00000000 0.00000000 0.00000000 1.00000000
-0.95782638 -0.19876269 -0.20751435 0.51878583 0.28734788 -0.66254234 -0.69171453 1.72928619 0.00000000 -0.72217095 0.69171453 -1.72928619 0.00000000 0.00000000 0.00000000 1.00000000
-0.95782638 -0.19876269 -0.20751435 0.51878583 0.28734788 -0.66254234 -0.69171453 1.72928619 0.00000000 -0.72217095 0.69171453 -1.72928619 0.00000000 0.00000000 0.00000000 1.00000000
-0.95782638 -0.19876269 -0.20751435 0.51878583 0.28734788 -0.66254234 -0.69171453 1.72928619 0.00000000 -0.72217095 0.69171453 -1.72928619 0.00000000 0.00000000 0.00000000 1.00000000
-0.95782632 0.00000000 -0.28734788 0.71836972 0.28734788 0.00000000 -0.95782632 2.39456558 0.00000000 -1.00000000 0.00000000 0.00000000 0.00000000 0.00000000 0.00000000 1.00000000
-0.95782632 0.00000000 -0.28734788 0.71836972 0.28734788 0.00000000 -0.95782632 2.39456558 0.00000000 -1.00000000 0.00000000 0.00000000 0.00000000 0.00000000 0.00000000 1.00000000
-0.95782632 0.00000000 -0.28734788 0.71836972 0.28734788 0.00000000 -0.95782632 2.39456558 0.00000000 -1.00000000 0.00000000 0.00000000 0.00000000 0.00000000 0.00000000 1.00000000
-0.95782632 0.00000000 -0.28734788 0.71836972 0.28734788 0.00000000 -0.95782632 2.39456558 0.00000000 -1.00000000 0.00000000 0.00000000 0.00000000 0.00000000 0.00000000 1.00000000
-0.95782632 0.00000000 -0.28734788 0.71836972 0.28734788 0.00000000 -0.95782632 2.39456558 0.00000000 -1.00000000 0.00000000 0.00000000 0.00000000 0.00000000 0.00000000 1.00000000
-0.95782632 0.00000000 -0.28734788 0.71836972 0.28734788 0.00000000 -0.95782632 2.39456558 0.00000000 -1.00000000 0.00000000 0.00000000 0.00000000 0.00000000 0.00000000 1.00000000
-0.95782632 0.00000000 -0.28734788 0.71836972 0.28734788 0.00000000 -0.95782632 2.39456558 0.00000000 -1.00000000 0.00000000 0.00000000 0.00000000 0.00000000 0.00000000 1.00000000
-0.95782632 0.00000000 -0.28734788 0.71836972 0.28734788 0.00000000 -0.95782632 2.39456558 0.00000000 -1.00000000 0.00000000 0.00000000 0.00000000 0.00000000 0.00000000 1.00000000
-0.95782632 0.00000000 -0.28734788 0.71836972 0.28734788 0.00000000 -0.95782632 2.39456558 0.00000000 -1.00000000 0.00000000 0.00000000 0.00000000 0.00000000 0.00000000 1.00000000
-0.95782632 0.00000000 -0.28734788 0.71836972 0.28734788 0.00000000 -0.95782632 2.39456558 0.00000000 -1.00000000 0.00000000 0.00000000 0.00000000 0.00000000 0.00000000 1.00000000
-0.95782632 0.00000000 -0.28734788 0.71836972 0.28734788 0.00000000 -0.95782632 2.39456558 0.00000000 -1.00000000 0.00000000 0.00000000 0.00000000 0.00000000 0.00000000 1.00000000
-0.95782632 0.00000000 -0.28734788 0.71836972 0.28734788 0.00000000 -0.95782632 2.39456558 0.00000000 -1.00000000 0.00000000 0.00000000 0.00000000 0.00000000 0.00000000 1.00000000
-0.95782632 0.00000000 -0.28734788 0.71836972 0.28734788 0.00000000 -0.95782632 2.39456558 0.00000000 -1.00000000 0.00000000 0.00000000 0.00000000 0.00000000 0.00000000 1.00000000
-0.95782632 0.00000000 -0.28734788 0.71836972 0.28734788 0.00000000 -0.95782632 2.39456558 0.00000000 -1.00000000 0.00000000 0.00000000 0.00000000 0.00000000 0.00000000 1.00000000
-0.95782632 0.00000000 -0.28734788 0.71836972 0.28734788 0.00000000 -0.95782632 2.39456558 0.00000000 -1.00000000 0.00000000 0.00000000 0.00000000 0.00000000 0.00000000 1.00000000
-0.95782632 0.00000000 -0.28734788 0.71836972 0.28734788 0.00000000 -0.95782632 2.39456558 0.00000000 -1.00000000 0.00000000 0.00000000 0.00000000 0.00000000 0.00000000 1.00000000
-0.95782638 0.19876269 -0.20751435 0.51878583 0.28734788 0.66254234 -0.69171453 1.72928619 0.00000000 -0.72217095 -0.69171453 1.72928619 0.00000000 0.00000000 0.00000000 1.00000000
-0.95782638 0.19876269 -0.20751435 0.51878583 0.28734788 0.66254234 -0.69171453 1.72928619 0.00000000 -0.72217095 -0.69171453 1.72928619 0.00000000 0.00000000 0.00000000 1.00000000
-0.95782638 0.19876269 -0.20751435 0.51878583 0.28734788 0.66254234 -0.69171453 1.72928619 0.00000000 -0.72217095 -0.69171453 1.72928619 0.00000000 0.00000000 0.00000000 1.00000000
-0.95782638 0.19876269 -0.20751435 0.51878583 0.28734788 0.66254234 -0.69171453 1.72928619 0.00000000 -0.72217095 -0.69171453 1.72928619 0.00000000 0.00000000 0.00000000 1.00000000
-0.95782638 0.19876269 -0.20751435 0.51878583 0.28734788 0.66254234 -0.69171453 1.72928619 0.00000000 -0.72217095 -0.69171453 1.72928619 0.00000000 0.00000000 0.00000000 1.00000000
-0.95782638 0.19876269 -0.20751435 0.51878583 0.28734788 0.66254234 -0.69171453 1.72928619 0.00000000 -0.72217095 -0.69171453 1.72928619 0.00000000 0.00000000 0.00000000 1.00000000
-0.95782638 0.19876269 -0.20751435 0.51878583 0.28734788 0.66254234 -0.69171453 1.72928619 0.00000000 -0.72217095 -0.69171453 1.72928619 0.00000000 0.00000000 0.00000000 1.00000000
-0.95782638 0.19876269 -0.20751435 0.51878583 0.28734788 0.66254234 -0.69171453 1.72928619 0.00000000 -0.72217095 -0.69171453 1.72928619 0.00000000 0.00000000 0.00000000 1.00000000
-0.95782638 0.19876269 -0.20751435 0.51878583 0.28734788 0.66254234 -0.69171453 1.72928619 0.00000000 -0.72217095 -0.69171453 1.72928619 0.00000000 0.00000000 0.00000000 1.00000000
-0.95782638 0.19876269 -0.20751435 0.51878583 0.28734788 0.66254234 -0.69171453 1.72928619 0.00000000 -0.72217095 -0.69171453 1.72928619 0.00000000 0.00000000 0.00000000 1.00000000
-0.95782638 0.19876269 -0.20751435 0.51878583 0.28734788 0.66254234 -0.69171453 1.72928619 0.00000000 -0.72217095 -0.69171453 1.72928619 0.00000000 0.00000000 0.00000000 1.00000000
-0.95782638 0.19876269 -0.20751435 0.51878583 0.28734788 0.66254234 -0.69171453 1.72928619 0.00000000 -0.72217095 -0.69171453 1.72928619 0.00000000 0.00000000 0.00000000 1.00000000
-0.95782638 0.19876269 -0.20751435 0.51878583 0.28734788 0.66254234 -0.69171453 1.72928619 0.00000000 -0.72217095 -0.69171453 1.72928619 0.00000000 0.00000000 0.00000000 1.00000000
-0.95782638 0.19876269 -0.20751435 0.51878583 0.28734788 0.66254234 -0.69171453 1.72928619 0.00000000 -0.72217095 -0.69171453 1.72928619 0.00000000 0.00000000 0.00000000 1.00000000
0.70710683 -0.40824825 -0.57735020 1.44337559 0.70710683 0.40824825 0.57735020 -1.44337559 0.00000000 -0.81649655 0.57735020 -1.44337559 0.00000000 0.00000000 0.00000000 1.00000000
0.70710683 -0.40824825 -0.57735020 1.44337559 0.70710683 0.40824825 0.57735020 -1.44337559 0.00000000 -0.81649655 0.57735020 -1.44337559 0.00000000 0.00000000 0.00000000 1.00000000
0.70710683 -0.40824825 -0.57735020 1.44337559 0.70710683 0.40824825 0.57735020 -1.44337559 0.00000000 -0.81649655 0.57735020 -1.44337559 0.00000000 0.00000000 0.00000000 1.00000000
0.70710683 -0.40824825 -0.57735020 1.44337559 0.70710683 0.40824825 0.57735020 -1.44337559 0.00000000 -0.81649655 0.57735020 -1.44337559 0.00000000 0.00000000 0.00000000 1.00000000
0.70710683 -0.40824825 -0.57735020 1.44337559 0.70710683 0.40824825 0.57735020 -1.44337559 0.00000000 -0.81649655 0.57735020 -1.44337559 0.00000000 0.00000000 0.00000000 1.00000000
0.70710683 -0.40824825 -0.57735020 1.44337559 0.70710683 0.40824825 0.57735020 -1.44337559 0.00000000 -0.81649655 0.57735020 -1.44337559 0.00000000 0.00000000 0.00000000 1.00000000
0.70710683 -0.40824825 -0.57735020 1.44337559 0.70710683 0.40824825 0.57735020 -1.44337559 0.00000000 -0.81649655 0.57735020 -1.44337559 0.00000000 0.00000000 0.00000000 1.00000000
0.70710683 -0.40824825 -0.57735020 1.44337559 0.70710683 0.40824825 0.57735020 -1.44337559 0.00000000 -0.81649655 0.57735020 -1.44337559 0.00000000 0.00000000 0.00000000 1.00000000
0.70710683 -0.40824825 -0.57735020 1.44337559 0.70710683 0.40824825 0.57735020 -1.44337559 0.00000000 -0.81649655 0.57735020 -1.44337559 0.00000000 0.00000000 0.00000000 1.00000000
0.70710683 -0.40824825 -0.57735020 1.44337559 0.70710683 0.40824825 0.57735020 -1.44337559 0.00000000 -0.81649655 0.57735020 -1.44337559 0.00000000 0.00000000 0.00000000 1.00000000
0.70710683 -0.40824825 -0.57735020 1.44337559 0.70710683 0.40824825 0.57735020 -1.44337559 0.00000000 -0.81649655 0.57735020 -1.44337559 0.00000000 0.00000000 0.00000000 1.00000000
0.70710683 -0.40824825 -0.57735020 1.44337559 0.70710683 0.40824825 0.57735020 -1.44337559 0.00000000 -0.81649655 0.57735020 -1.44337559 0.00000000 0.00000000 0.00000000 1.00000000
0.70710683 -0.40824825 -0.57735020 1.44337559 0.70710683 0.40824825 0.57735020 -1.44337559 0.00000000 -0.81649655 0.57735020 -1.44337559 0.00000000 0.00000000 0.00000000 1.00000000
0.70710683 0.00000000 -0.70710683 1.76776695 0.70710683 0.00000000 0.70710683 -1.76776695 0.00000000 -1.00000000 0.00000000 0.00000000 0.00000000 0.00000000 0.00000000 1.00000000
0.70710683 0.00000000 -0.70710683 1.76776695 0.70710683 0.00000000 0.70710683 -1.76776695 0.00000000 -1.00000000 0.00000000 0.00000000 0.00000000 0.00000000 0.00000000 1.00000000
0.70710683 0.00000000 -0.70710683 1.76776695 0.70710683 0.00000000 0.70710683 -1.76776695 0.00000000 -1.00000000 0.00000000 0.00000000 0.00000000 0.00000000 0.00000000 1.00000000
0.70710683 0.00000000 -0.70710683 1.76776695 0.70710683 0.00000000 0.70710683 -1.76776695 0.00000000 -1.00000000 0.00000000 0.00000000 0.00000000 0.00000000 0.00000000 1.00000000
0.70710683 0.00000000 -0.70710683 1.76776695 0.70710683 0.00000000 0.70710683 -1.76776695 0.00000000 -1.00000000 0.00000000 0.00000000 0.00000000 0.00000000 0.00000000 1.00000000
0.70710683 0.00000000 -0.70710683 1.76776695 0.70710683 0.00000000 0.70710683 -1.76776695 0.00000000 -1.00000000 0.00000000 0.00000000 0.00000000 0.00000000 0.00000000 1.00000000
0.70710683 0.00000000 -0.70710683 1.76776695 0.70710683 0.00000000 0.70710683 -1.76776695 0.00000000 -1.00000000 0.00000000 0.00000000 0.00000000 0.00000000 0.00000000 1.00000000
0.70710683 0.00000000 -0.70710683 1.76776695 0.70710683 0.00000000 0.70710683 -1.76776695 0.00000000 -1.00000000 0.00000000 0.00000000 0.00000000 0.00000000 0.00000000 1.00000000
0.70710683 0.00000000 -0.70710683 1.76776695 0.70710683 0.00000000 0.70710683 -1.76776695 0.00000000 -1.00000000 0.00000000 0.00000000 0.00000000 0.00000000 0.00000000 1.00000000
0.70710683 0.00000000 -0.70710683 1.76776695 0.70710683 0.00000000 0.70710683 -1.76776695 0.00000000 -1.00000000 0.00000000 0.00000000 0.00000000 0.00000000 0.00000000 1.00000000
0.70710683 0.00000000 -0.70710683 1.76776695 0.70710683 0.00000000 0.70710683 -1.76776695 0.00000000 -1.00000000 0.00000000 0.00000000 0.00000000 0.00000000 0.00000000 1.00000000
0.70710683 0.00000000 -0.70710683 1.76776695 0.70710683 0.00000000 0.70710683 -1.76776695 0.00000000 -1.00000000 0.00000000 0.00000000 0.00000000 0.00000000 0.00000000 1.00000000
0.70710683 0.00000000 -0.70710683 1.76776695 0.70710683 0.00000000 0.70710683 -1.76776695 0.00000000 -1.00000000 0.00000000 0.00000000 0.00000000 0.00000000 0.00000000 1.00000000
0.70710683 0.00000000 -0.70710683 1.76776695 0.70710683 0.00000000 0.70710683 -1.76776695 0.00000000 -1.00000000 0.00000000 0.00000000 0.00000000 0.00000000 0.00000000 1.00000000
0.70710683 0.00000000 -0.70710683 1.76776695 0.70710683 0.00000000 0.70710683 -1.76776695 0.00000000 -1.00000000 0.00000000 0.00000000 0.00000000 0.00000000 0.00000000 1.00000000
0.70710683 0.00000000 -0.70710683 1.76776695 0.70710683 0.00000000 0.70710683 -1.76776695 0.00000000 -1.00000000 0.00000000 0.00000000 0.00000000 0.00000000 0.00000000 1.00000000
0.70710683 0.00000000 -0.70710683 1.76776695 0.70710683 0.00000000 0.70710683 -1.76776695 0.00000000 -1.00000000 0.00000000 0.00000000 0.00000000 0.00000000 0.00000000 1.00000000
0.70710683 0.00000000 -0.70710683 1.76776695 0.70710683 0.00000000 0.70710683 -1.76776695 0.00000000 -1.00000000 0.00000000 0.00000000 0.00000000 0.00000000 0.00000000 1.00000000
0.70710683 0.00000000 -0.70710683 1.76776695 0.70710683 0.00000000 0.70710683 -1.76776695 0.00000000 -1.00000000 0.00000000 0.00000000 0.00000000 0.00000000 0.00000000 1.00000000
0.70710683 0.00000000 -0.70710683 1.76776695 0.70710683 0.00000000 0.70710683 -1.76776695 0.00000000 -1.00000000 0.00000000 0.00000000 0.00000000 0.00000000 0.00000000 1.00000000
0.70710683 0.00000000 -0.70710683 1.76776695 0.70710683 0.00000000 0.70710683 -1.76776695 0.00000000 -1.00000000 0.00000000 0.00000000 0.00000000 0.00000000 0.00000000 1.00000000
0.70710683 0.00000000 -0.70710683 1.76776695 0.70710683 0.00000000 0.70710683 -1.76776695 0.00000000 -1.00000000 0.00000000 0.00000000 0.00000000 0.00000000 0.00000000 1.00000000
0.70710683 0.40824825 -0.57735020 1.44337559 0.70710683 -0.40824825 0.57735020 -1.44337559 0.00000000 -0.81649655 -0.57735020 1.44337559 0.00000000 0.00000000 0.00000000 1.00000000
0.70710683 0.40824825 -0.57735020 1.44337559 0.70710683 -0.40824825 0.57735020 -1.44337559 0.00000000 -0.81649655 -0.57735020 1.44337559 0.00000000 0.00000000 0.00000000 1.00000000
0.70710683 0.40824825 -0.57735020 1.44337559 0.70710683 -0.40824825 0.57735020 -1.44337559 0.00000000 -0.81649655 -0.57735020 1.44337559 0.00000000 0.00000000 0.00000000 1.00000000
0.70710683 0.40824825 -0.57735020 1.44337559 0.70710683 -0.40824825 0.57735020 -1.44337559 0.00000000 -0.81649655 -0.57735020 1.44337559 0.00000000 0.00000000 0.00000000 1.00000000
0.70710683 0.40824825 -0.57735020 1.44337559 0.70710683 -0.40824825 0.57735020 -1.44337559 0.00000000 -0.81649655 -0.57735020 1.44337559 0.00000000 0.00000000 0.00000000 1.00000000
0.70710683 0.40824825 -0.57735020 1.44337559 0.70710683 -0.40824825 0.57735020 -1.44337559 0.00000000 -0.81649655 -0.57735020 1.44337559 0.00000000 0.00000000 0.00000000 1.00000000
0.70710683 0.40824825 -0.57735020 1.44337559 0.70710683 -0.40824825 0.57735020 -1.44337559 0.00000000 -0.81649655 -0.57735020 1.44337559 0.00000000 0.00000000 0.00000000 1.00000000
0.70710683 0.40824825 -0.57735020 1.44337559 0.70710683 -0.40824825 0.57735020 -1.44337559 0.00000000 -0.81649655 -0.57735020 1.44337559 0.00000000 0.00000000 0.00000000 1.00000000
0.70710683 0.40824825 -0.57735020 1.44337559 0.70710683 -0.40824825 0.57735020 -1.44337559 0.00000000 -0.81649655 -0.57735020 1.44337559 0.00000000 0.00000000 0.00000000 1.00000000
0.70710683 0.40824825 -0.57735020 1.44337559 0.70710683 -0.40824825 0.57735020 -1.44337559 0.00000000 -0.81649655 -0.57735020 1.44337559 0.00000000 0.00000000 0.00000000 1.00000000
0.70710683 0.40824825 -0.57735020 1.44337559 0.70710683 -0.40824825 0.57735020 -1.44337559 0.00000000 -0.81649655 -0.57735020 1.44337559 0.00000000 0.00000000 0.00000000 1.00000000
0.70710683 0.40824825 -0.57735020 1.44337559 0.70710683 -0.40824825 0.57735020 -1.44337559 0.00000000 -0.81649655 -0.57735020 1.44337559 0.00000000 0.00000000 0.00000000 1.00000000
0.70710683 0.40824825 -0.57735020 1.44337559 0.70710683 -0.40824825 0.57735020 -1.44337559 0.00000000 -0.81649655 -0.57735020 1.44337559 0.00000000 0.00000000 0.00000000 1.00000000
0.70710683 0.40824825 -0.57735020 1.44337559 0.70710683 -0.40824825 0.57735020 -1.44337559 0.00000000 -0.81649655 -0.57735020 1.44337559 0.00000000 0.00000000 0.00000000 1.00000000
0.70710683 0.40824825 -0.57735020 1.44337559 0.70710683 -0.40824825 0.57735020 -1.44337559 0.00000000 -0.81649655 -0.57735020 1.44337559 0.00000000 0.00000000 0.00000000 1.00000000
0.70710683 0.40824825 -0.57735020 1.44337559 0.70710683 -0.40824825 0.57735020 -1.44337559 0.00000000 -0.81649655 -0.57735020 1.44337559 0.00000000 0.00000000 0.00000000 1.00000000
0.70710683 0.40824825 -0.57735020 1.44337559 0.70710683 -0.40824825 0.57735020 -1.44337559 0.00000000 -0.81649655 -0.57735020 1.44337559 0.00000000 0.00000000 0.00000000 1.00000000
0.00000000 -0.70710677 -0.70710683 1.76776695 1.00000000 0.00000000 0.00000000 0.00000000 0.00000000 -0.70710677 0.70710683 -1.76776695 0.00000000 0.00000000 0.00000000 1.00000000
0.00000000 -0.70710677 -0.70710683 1.76776695 1.00000000 0.00000000 0.00000000 0.00000000 0.00000000 -0.70710677 0.70710683 -1.76776695 0.00000000 0.00000000 0.00000000 1.00000000
0.00000000 0.00000000 -1.00000000 2.50000000 1.00000000 0.00000000 0.00000000 0.00000000 0.00000000 -1.00000000 0.00000000 0.00000000 0.00000000 0.00000000 0.00000000 1.00000000
0.00000000 0.00000000 -1.00000000 2.50000000 1.00000000 0.00000000 0.00000000 0.00000000 0.00000000 -1.00000000 0.00000000 0.00000000 0.00000000 0.00000000 0.00000000 1.00000000
0.00000000 0.00000000 -1.00000000 2.50000000 1.00000000 0.00000000 0.00000000 0.00000000 0.00000000 -1.00000000 0.00000000 0.00000000 0.00000000 0.00000000 0.00000000 1.00000000
0.00000000 0.00000000 -1.00000000 2.50000000 1.00000000 0.00000000 0.00000000 0.00000000 0.00000000 -1.00000000 0.00000000 0.00000000 0.00000000 0.00000000 0.00000000 1.00000000
0.00000000 0.70710677 -0.70710683 1.76776695 1.00000000 0.00000000 0.00000000 0.00000000 0.00000000 -0.70710677 -0.70710683 1.76776695 0.00000000 0.00000000 0.00000000 1.00000000
0.00000000 0.70710677 -0.70710683 1.76776695 1.00000000 0.00000000 0.00000000 0.00000000 0.00000000 -0.70710677 -0.70710683 1.76776695 0.00000000 0.00000000 0.00000000 1.00000000
0.00000000 0.70710677 -0.70710683 1.76776695 1.00000000 0.00000000 0.00000000 0.00000000 0.00000000 -0.70710677 -0.70710683 1.76776695 0.00000000 0.00000000 0.00000000 1.00000000
-0.70710683 -0.40824825 -0.57735020 1.44337559 0.70710683 -0.40824825 -0.57735020 1.44337559 0.00000000 -0.81649655 0.57735020 -1.44337559 0.00000000 0.00000000 0.00000000 1.00000000
-0.70710683 -0.40824825 -0.57735020 1.44337559 0.70710683 -0.40824825 -0.57735020 1.44337559 0.00000000 -0.81649655 0.57735020 -1.44337559 0.00000000 0.00000000 0.00000000 1.00000000
-0.70710683 -0.40824825 -0.57735020 1.44337559 0.70710683 -0.40824825 -0.57735020 1.44337559 0.00000000 -0.81649655 0.57735020 -1.44337559 0.00000000 0.00000000 0.00000000 1.00000000
-0.70710683 -0.40824825 -0.57735020 1.44337559 0.70710683 -0.40824825 -0.57735020 1.44337559 0.00000000 -0.81649655 0.57735020 -1.44337559 0.00000000 0.00000000 0.00000000 1.00000000
-0.70710683 -0.40824825 -0.57735020 1.44337559 0.70710683 -0.40824825 -0.57735020 1.44337559 0.00000000 -0.81649655 0.57735020 -1.44337559 0.00000000 0.00000000 0.00000000 1.00000000
-0.70710683 -0.40824825 -0.57735020 1.44337559 0.70710683 -0.40824825 -0.57735020 1.44337559 0.00000000 -0.81649655 0.57735020 -1.44337559 0.00000000 0.00000000 0.00000000 1.00000000
-0.70710683 -0.40824825 -0.57735020 1.44337559 0.70710683 -0.40824825 -0.57735020 1.44337559 0.00000000 -0.81649655 0.57735020 -1.44337559 0.00000000 0.00000000 0.00000000 1.00000000
-0.70710683 -0.40824825 -0.57735020 1.44337559 0.70710683 -0.40824825 -0.57735020 1.44337559 0.00000000 -0.81649655 0.57735020 -1.44337559 0.00000000 0.00000000 0.00000000 1.00000000
-0.70710683 -0.40824825 -0.57735020 1.44337559 0.70710683 -0.40824825 -0.57735020 1.44337559 0.00000000 -0.81649655 0.57735020 -1.44337559 0.00000000 0.00000000 0.00000000 1.00000000
-0.70710683 -0.40824825 -0.57735020 1.44337559 0.70710683 -0.40824825 -0.57735020 1.44337559 0.00000000 -0.81649655 0.57735020 -1.44337559 0.00000000 0.00000000 0.00000000 1.00000000
-0.70710683 -0.40824825 -0.57735020 1.44337559 0.70710683 -0.40824825 -0.57735020 1.44337559 0.00000000 -0.81649655 0.57735020 -1.44337559 0.00000000 0.00000000 0.00000000 1.00000000
-0.70710683 0.00000000 -0.70710683 1.76776695 0.70710683 0.00000000 -0.70710683 1.76776695 0.00000000 -1.00000000 0.00000000 0.00000000 0.00000000 0.00000000 0.00000000 1.00000000
-0.70710683 0.00000000 -0.70710683 1.76776695 0.70710683 0.00000000 -0.70710683 1.76776695 0.00000000 -1.00000000 0.00000000 0.00000000 0.00000000 0.00000000 0.00000000 1.00000000
-0.70710683 0.00000000 -0.70710683 1.76776695 0.70710683 0.00000000 -0.70710683 1.76776695 0.00000000 -1.00000000 0.00000000 0.00000000 0.00000000 0.00000000 0.00000000 1.00000000
-0.70710683 0.00000000 -0.70710683 1.76776695 0.70710683 0.00000000 -0.70710683 1.76776695 0.00000000 -1.00000000 0.00000000 0.00000000 0.00000000 0.00000000 0.00000000 1.00000000
-0.70710683 0.00000000 -0.70710683 1.76776695 0.70710683 0.00000000 -0.70710683 1.76776695 0.00000000 -1.00000000 0.00000000 0.00000000 0.00000000 0.00000000 0.00000000 1.00000000
-0.70710683 0.00000000 -0.70710683 1.76776695 0.70710683 0.00000000 -0.70710683 1.76776695 0.00000000 -1.00000000 0.00000000 0.00000000 0.00000000 0.00000000 0.00000000 1.00000000
-0.70710683 0.00000000 -0.70710683 1.76776695 0.70710683 0.00000000 -0.70710683 1.76776695 0.00000000 -1.00000000 0.00000000 0.00000000 0.00000000 0.00000000 0.00000000 1.00000000
-0.70710683 0.00000000 -0.70710683 1.76776695 0.70710683 0.00000000 -0.70710683 1.76776695 0.00000000 -1.00000000 0.00000000 0.00000000 0.00000000 0.00000000 0.00000000 1.00000000
-0.70710683 0.00000000 -0.70710683 1.76776695 0.70710683 0.00000000 -0.70710683 1.76776695 0.00000000 -1.00000000 0.00000000 0.00000000 0.00000000 0.00000000 0.00000000 1.00000000
-0.70710683 0.00000000 -0.70710683 1.76776695 0.70710683 0.00000000 -0.70710683 1.76776695 0.00000000 -1.00000000 0.00000000 0.00000000 0.00000000 0.00000000 0.00000000 1.00000000
-0.70710683 0.00000000 -0.70710683 1.76776695 0.70710683 0.00000000 -0.70710683 1.76776695 0.00000000 -1.00000000 0.00000000 0.00000000 0.00000000 0.00000000 0.00000000 1.00000000
-0.70710683 0.00000000 -0.70710683 1.76776695 0.70710683 0.00000000 -0.70710683 1.76776695 0.00000000 -1.00000000 0.00000000 0.00000000 0.00000000 0.00000000 0.00000000 1.00000000
-0.70710683 0.00000000 -0.70710683 1.76776695 0.70710683 0.00000000 -0.70710683 1.76776695 0.00000000 -1.00000000 0.00000000 0.00000000 0.00000000 0.00000000 0.00000000 1.00000000
-0.70710683 0.00000000 -0.70710683 1.76776695 0.70710683 0.00000000 -0.70710683 1.76776695 0.00000000 -1.00000000 0.00000000 0.00000000 0.00000000 0.00000000 0.00000000 1.00000000
-0.70710683 0.00000000 -0.70710683 1.76776695 0.70710683 0.00000000 -0.70710683 1.76776695 0.00000000 -1.00000000 0.00000000 0.00000000 0.00000000 0.00000000 0.00000000 1.00000000
-0.70710683 0.00000000 -0.70710683 1.76776695 0.70710683 0.00000000 -0.70710683 1.76776695 0.00000000 -1.00000000 0.00000000 0.00000000 0.00000000 0.00000000 0.00000000 1.00000000
-0.70710683 0.40824825 -0.57735020 1.44337559 0.70710683 0.40824825 -0.57735020 1.44337559 0.00000000 -0.81649655 -0.57735020 1.44337559 0.00000000 0.00000000 0.00000000 1.00000000
-0.70710683 0.40824825 -0.57735020 1.44337559 0.70710683 0.40824825 -0.57735020 1.44337559 0.00000000 -0.81649655 -0.57735020 1.44337559 0.00000000 0.00000000 0.00000000 1.00000000
-0.70710683 0.40824825 -0.57735020 1.44337559 0.70710683 0.40824825 -0.57735020 1.44337559 0.00000000 -0.81649655 -0.57735020 1.44337559 0.00000000 0.00000000 0.00000000 1.00000000
-0.70710683 0.40824825 -0.57735020 1.44337559 0.70710683 0.40824825 -0.57735020 1.44337559 0.00000000 -0.81649655 -0.57735020 1.44337559 0.00000000 0.00000000 0.00000000 1.00000000
-0.70710683 0.40824825 -0.57735020 1.44337559 0.70710683 0.40824825 -0.57735020 1.44337559 0.00000000 -0.81649655 -0.57735020 1.44337559 0.00000000 0.00000000 0.00000000 1.00000000
-0.70710683 0.40824825 -0.57735020 1.44337559 0.70710683 0.40824825 -0.57735020 1.44337559 0.00000000 -0.81649655 -0.57735020 1.44337559 0.00000000 0.00000000 0.00000000 1.00000000
-0.70710683 0.40824825 -0.57735020 1.44337559 0.70710683 0.40824825 -0.57735020 1.44337559 0.00000000 -0.81649655 -0.57735020 1.44337559 0.00000000 0.00000000 0.00000000 1.00000000
