0.19983351 -0.00511169 0.02853918
-0.03528166 0.01940072 -0.06206191
0.06902957 0.02148485 0.28482032
0.19772780 -0.00437129 0.06021523
-0.03498662 0.01660860 -0.29962683
-0.00972903 -0.04052925 -0.08847952
0.08591533 -0.02432251 -0.10558748
-0.00549304 -0.00549304 -0.39847112
-0.00644100 -0.06074071 -0.32201040
-0.15771234 -0.01247501 0.00096583
-0.01015055 -0.04037929 -0.16597664
0.10368264 -0.04210067 -0.10228539
-0.13014162 0.02914608 0.33430231
-0.00993407 0.00286508 0.32160878
0.07587004 -0.02891779 -0.10259460
-0.15625584 -0.01231825 0.00535680
0.03707683 0.02090609 0.31730738
-0.00683188 0.04543996 0.25873232
-0.20601809 -0.00399244 0.02909981
-0.04042697 -0.02872801 -0.02481739
-0.03352070 -0.02177501 -0.30730489
-0.03847718 -0.03067780 -0.05514975
0.14901066 -0.00815487 0.04386825
-0.15679765 -0.00894809 0.04020975
-0.02466941 0.01901293 0.31449601
0.01656604 -0.03876901 -0.05869159
0.09943604 -0.04979682 -0.10267155
-0.11328900 -0.03322327 -0.10244611
-0.00438011 0.02361357 0.33933601
-0.20788860 -0.00212193 0.06349050
-0.00494862 -0.00891042 -0.39780948
-0.03334033 0.02216828 -0.11214450
0.08316827 -0.01415443 0.01146960
0.00027859 -0.05840266 -0.31535393
0.21238089 -0.00251150 0.02383560
0.14672375 -0.01421189 0.00875374
0.07120275 -0.02156353 -0.01996391
-0.00438023 0.02881527 0.33914900
-0.15649509 -0.01149344 0.00798833
0.02357137 0.01984251 0.31413388
-0.00189698 0.04281044 0.31509745
-0.00198722 0.08264363 0.22285819
-0.03150666 -0.02308583 -0.30816436
-0.15580440 -0.00807893 0.04257739
-0.20659089 -0.00797772 0.03588641
0.06024086 -0.02471948 -0.03878295
-0.20668399 -0.00194097 0.06884992
-0.00673962 -0.03942871 -0.16446698
-0.00634170 0.04690623 0.23005104
0.00205255 -0.05693746 -0.31192064
-0.03261435 0.02319944 -0.01946068
-0.00939846 -0.00939846 -0.39084077
0.12542164 0.03010535 0.33496785
0.09082174 -0.05273890 -0.09718990
0.07585812 -0.01640689 0.02238560
-0.01066804 -0.03787582 0.13766456
0.08193326 -0.04818544 -0.05435586
-0.00106204 -0.00498757 -0.39958465
-0.01298070 0.03045375 0.30572319
-0.10360003 -0.05122305 -0.09975015
-0.00590014 0.03928207 0.08978759
-0.03910017 0.00276851 0.07198132
-0.00790000 -0.00560723 -0.39530939
-0.00590014 -0.03367035 -0.34231523
-0.00790000 -0.04766141 -0.31400463
-0.00559473 -0.03768187 0.14643312
-0.00532317 0.03685185 0.22123384
-0.00437021 0.03901803 -0.24181676
-0.01642227 -0.00930083 -0.37817836
-0.03459716 -0.05896800 -0.02894068
0.15011537 -0.00460017 0.04135215
-0.08926296 -0.00350833 -0.03618217
-0.08201158 -0.02909970 -0.10609055
0.20014644 0.00225055 0.06243110
0.02171886 0.03157139 -0.17634308
-0.00092232 0.04318225 0.31465054
-0.01555502 0.01979041 0.31611013
0.08703613 -0.00246668 -0.03546309
-0.10121667 -0.04832673 -0.10282171
-0.00025868 -0.00335503 -0.39904332
-0.00589097 0.02717602 0.33738792
-0.08942342 -0.00372219 -0.03293190
-0.08780324 -0.02147686 -0.10487002
-0.01166511 0.00770950 0.32166508
0.00192595 0.02964449 0.33764446
-0.15141547 -0.00490320 0.04313520
0.07817721 -0.01289821 0.01442475
0.14993584 -0.00463784 0.04109647
0.09008980 -0.02036047 -0.10441305
-0.08600366 -0.01133311 0.01376550
0.20024741 0.00140870 0.06535485
-0.00106382 0.04037237 0.31408778
0.08837700 -0.00269842 -0.03173445
-0.11062121 -0.04146624 -0.09926955
-0.00340128 -0.00057292 -0.39624524
-0.01650846 0.03610003 -0.27706501
-0.02608693 -0.00752819 0.24540603
-0.08604276 -0.00443661 -0.03414750
0.07935297 -0.01457036 0.01615465
-0.15108562 -0.00497866 0.04008877
-0.09047103 -0.00842094 -0.05832076
0.02429056 0.02917349 0.16780269
-0.20464277 -0.00061643 0.06322932
0.15308642 -0.00609422 0.04417253
0.20449901 0.00073886 0.06519651
-0.00388670 -0.00044811 -0.39245665
0.31319392 0.01917040 0.10124671
0.02434516 0.01696444 0.31170893
-0.00933939 -0.04055178 -0.09225130
0.14586180 -0.01197278 0.03312564
-0.02084944 0.01571667 0.30960083
-0.03998265 0.00503623 0.04078758
-0.02078384 -0.04032958 -0.00432312
0.07470345 -0.01990497 -0.07030833
-0.11267340 -0.01381826 -0.05126429
-0.15523708 -0.01168823 0.03556216
0.19784844 -0.00616336 0.05682540
0.12174380 -0.01307559 -0.04050648
-0.07101429 -0.01898813 -0.07839823
-0.00965589 -0.04141581 -0.16184175
-0.20689034 -0.00665450 0.05730093
0.15019882 -0.01306593 0.00183535
-0.10605276 -0.02646196 -0.10551798
-0.03623068 -0.03529692 -0.06124806
-0.00516653 -0.00854301 -0.39946902
-0.08357298 -0.01679039 0.00788903
0.19919002 -0.00613737 0.02531493
-0.02898461 -0.03088510 -0.10730088
0.07929206 -0.02962351 -0.10721648
0.10429299 -0.03254580 -0.10326469
-0.00630105 0.00030005 0.32065296
-0.08567995 -0.04779553 -0.10386540
0.07519031 -0.04093194 -0.10332990
-0.00265580 0.09246278 0.32606283
0.01701701 0.01723719 0.31202325
-0.09476632 -0.02867842 -0.02475866
0.11482710 -0.01210570 -0.04538520
-0.00797123 0.02275038 0.33729807
-0.07275081 -0.02108431 -0.07468909
-0.00916040 -0.04016137 -0.16320950
0.07333612 -0.02001691 -0.07036594
-0.01557606 -0.04230833 -0.00276188
0.04696667 -0.02839303 -0.04755049
-0.11350894 -0.03537512 -0.10129445
-0.15626794 -0.01429939 0.00549315
-0.15711123 -0.00590324 0.03857490
0.14673305 -0.01551771 0.00568643
0.19943833 -0.00481081 0.06317933
-0.20748967 -0.00509310 0.06301856
0.10643363 -0.03610611 -0.10389601
-0.00916040 -0.04016137 -0.09128667
0.01378894 -0.04088664 -0.05545800
0.14875269 -0.00996375 0.03989790
-0.08548450 -0.01517630 0.01107405
0.08060771 -0.01603889 0.00846382
-0.00549936 -0.00858164 -0.39780948
-0.03830600 -0.03141761 -0.05255899
0.19731700 -0.01033449 0.03438180
0.31029081 0.03741693 0.10631251
-0.07377481 -0.02484870 -0.03866625
0.01888239 0.01790369 0.31169295
-0.03965759 -0.00117397 -0.12034118
-0.03939146 0.00572419 -0.00609338
-0.00869429 -0.03909719 -0.16299844
0.20148361 -0.00161123 0.07025445
-0.15619060 -0.00573111 0.04065812
-0.00521517 0.02731109 0.33917046
-0.07417077 -0.02036083 -0.07080305
-0.00885612 -0.03945327 -0.09574509
-0.05484161 -0.02620065 -0.04265332
-0.15673667 -0.01465881 0.01465225
-0.20456275 -0.00249672 0.06610119
-0.00853509 -0.01767612 -0.38440442
-0.09084123 -0.01330483 0.01033068
0.12315583 0.02995169 0.33521688
-0.08568045 -0.04905021 -0.10005403
0.09153634 -0.05356753 -0.09101808
0.08099663 -0.01363003 0.01356030
-0.11287475 -0.04165411 -0.09517789
-0.20736957 -0.00855494 0.04228663
-0.03518093 -0.05790724 -0.04049873
0.10281795 -0.04373280 -0.10434484
-0.10360003 -0.05122305 -0.09975015
-0.00590014 0.03928207 0.08978759
-0.03910017 0.00276851 0.07198132
-0.00790000 -0.00560723 -0.39530939
-0.00590014 -0.03367035 -0.34231523
-0.00790000 -0.04766141 -0.31400463
-0.03512025 -0.05952319 -0.03089499
-0.05297148 -0.05938380 -0.03009033
-0.01858228 0.01967025 0.31322527
0.15210146 -0.00500870 0.04246306
0.20280254 0.00178123 0.06223345
-0.15124899 -0.00559556 0.04541755
0.08878732 -0.00279379 -0.03521240
0.09217805 -0.00972700 0.01061654
-0.08846709 -0.00354290 -0.03642023
0.10867685 -0.03311872 -0.10533321
-0.20327532 0.00117362 0.06779456
0.08298087 -0.04390419 -0.10277176
-0.08066756 -0.03648710 -0.10264194
-0.09080333 -0.01003027 0.01142824
-0.00043911 -0.00726104 -0.39963222
0.05143744 0.02367902 0.31961182
-0.01419020 0.01818943 0.31786761
-0.00309467 0.02966142 0.33910361
-0.08033210 -0.02608347 -0.10414159
-0.08897030 -0.00424457 -0.03345975
0.09015101 -0.00344038 -0.03129885
0.07840872 -0.03149819 -0.10338435
0.08994257 -0.01175070 0.01427119
0.04927075 -0.01570463 0.01422675
0.15134615 -0.00554514 0.04301100
0.10652900 -0.02504563 -0.10346130
-0.08382589 -0.01282835 0.01399613
0.20359540 0.00198650 0.06327585
-0.20404297 0.00205541 0.06586380
-0.15177834 -0.00471187 0.04429620
-0.11093569 -0.03119278 -0.10116900
0.00870037 0.02912855 0.32571921
0.00054592 -0.00182009 -0.39686388
-0.01484680 0.00483334 0.30702794
-0.08697391 -0.00485981 -0.03525543
0.02113509 0.01863039 0.31255496
-0.11025655 -0.03192973 -0.07444370
0.15179783 -0.00565767 0.04281175
-0.08334479 -0.01375043 0.01419091
-0.15021116 -0.00628352 0.04319012
0.08953917 -0.01240408 0.01107490
-0.20145300 0.00048280 0.06340981
-0.03680962 -0.00722480 -0.08000588
0.03534937 0.01309180 0.15856218
0.20263022 -0.00061691 0.06429732
0.09841305 -0.02179539 -0.10394740
-0.00175238 0.03242791 0.30880582
0.00195110 0.01120591 0.33388555
0.00030041 -0.00100124 -0.39415860
0.06832111 -0.02717590 -0.03993595
-0.15184665 -0.01233733 0.03444135
-0.13080394 -0.01280236 -0.03785944
0.01518285 -0.04118097 -0.08697748
0.20126504 -0.00688457 0.05873454
0.06634411 -0.02235353 -0.07643378
0.14958614 -0.01191294 0.03698301
-0.01020432 -0.04147196 -0.09155607
0.03529280 0.00072694 0.03805196
-0.08053875 -0.01966250 -0.07230127
-0.20288199 -0.00851786 0.05203152
-0.00698102 -0.04144335 -0.16116703
-0.00438797 -0.01140928 -0.39946902
-0.15563703 -0.01469743 0.00183535
0.08390689 -0.01810443 0.00655615
0.01463425 0.01517487 0.31102467
0.10090914 -0.02800500 -0.10551798
-0.04232681 -0.03164470 -0.05174720
0.15160742 -0.01398814 0.00294399
0.07627046 -0.04445887 -0.10137769
-0.07972556 -0.03623724 -0.10357133
-0.02575761 0.01670313 0.31227073
-0.11118084 -0.03951383 -0.10381691
-0.07936519 -0.01973748 -0.07042219
0.06745160 -0.02267408 -0.07192283
0.10317469 -0.02824402 -0.10445108
-0.00788724 -0.04120398 -0.16623901
0.20224094 -0.00666761 0.06301856
0.15010011 -0.01207829 0.03851347
0.15100646 -0.01587796 0.00549315
-0.15421200 -0.01160169 0.03989790
-0.20493972 -0.00646114 0.06317933
-0.03650463 -0.01512742 -0.30888000
0.01234341 0.01790190 0.31671360
0.04625481 -0.02903295 -0.04702646
-0.08932608 -0.01667070 0.00847024
0.07487744 -0.01835847 0.02491661
-0.00231582 0.01757574 0.33703032
-0.00197160 -0.01291084 -0.39748996
0.01235598 -0.04118633 -0.05251838
0.20306736 -0.01049137 0.03282660
-0.15283412 -0.01536441 0.00569070
-0.05890048 -0.02790141 -0.04482360
-0.02458370 -0.01562285 -0.36166602
-0.02435511 0.01813114 0.31356215
-0.00938523 -0.03963637 -0.16375220
0.03484613 0.00515223 -0.12384796
-0.20416898 -0.00241685 0.07025445
0.06602609 -0.02280426 -0.07080305
-0.15238786 -0.00915408 0.04798293
0.20196575 -0.00327587 0.06610119
0.15116251 -0.01484108 0.01325095
-0.00202239 0.06133831 0.31609607
0.01476353 -0.03930962 -0.08595264
0.14836696 -0.00903690 0.04533768
0.08002344 -0.05006981 -0.09662962
0.08552933 -0.01489842 0.01033068
-0.08009899 -0.04305136 -0.09795630
-0.07652771 -0.02366841 -0.06272984
-0.00868171 -0.04059219 -0.09162259
-0.12818480 0.02824771 0.33213031
-0.08686459 -0.01387262 0.01218653
0.10766852 -0.02326167 -0.08650005
0.20494807 -0.00451636 0.01871574
-0.00073820 -0.01910305 -0.38594055
0.10769290 -0.04381275 -0.09867334
0.03719997 -0.00554130 0.07203690
0.00000000 0.05062500 0.19406250
0.09969997 -0.05400675 -0.09991249
0.00399995 -0.01123200 -0.39592803
-0.00186849 0.03219109 0.31262136
0.12449735 -0.00551948 0.01161575
-0.02259934 0.02005291 0.31252956
-0.08927411 -0.00418150 -0.03385508
0.02185935 0.02006519 0.31171155
-0.07936889 -0.04191113 -0.10533321
0.00305289 0.06236482 0.30326414
0.15394709 -0.00640500 0.04541755
-0.20280254 0.00178123 0.06223345
0.08846709 -0.00354290 -0.03642023
-0.14933819 -0.00583768 0.04246306
0.03695709 -0.01983857 -0.10199785
-0.10699797 -0.03669906 -0.10277176
0.20303598 -0.00013781 0.06915832
0.08048242 -0.03685367 -0.10595536
0.09046045 -0.01142383 0.01282299
0.01353103 0.03618741 -0.28170681
0.11043984 -0.04188347 -0.10199785
0.00240058 -0.00946259 -0.39849854
0.08351052 -0.02505350 -0.10406251
0.01521927 0.01182532 0.31581664
0.08897030 -0.00424457 -0.03345975
0.11093569 -0.03119278 -0.10116900
-0.10252112 -0.02217627 -0.10330335
-0.14859968 -0.00636911 0.04014360
-0.00011975 0.02864218 0.33658269
-0.07746220 -0.03783751 -0.10361926
0.01334316 0.03483486 -0.27706501
0.15443009 -0.00550747 0.04152769
-0.08720869 -0.01257086 0.01427119
0.20362127 0.00009346 0.06317123
0.08966869 -0.01259756 0.01398544
-0.20152378 -0.00061893 0.06620119
-0.08742565 -0.00425816 -0.03414420
0.00215000 -0.00262880 -0.39686388
-0.02917331 0.02353311 0.16882062
0.14990950 -0.00770402 0.04181015
-0.01623154 0.01715934 0.31255496
0.08967823 -0.00567114 -0.03525543
0.01615012 0.00929344 0.31070638
0.20405424 -0.00029755 0.06340981
-0.08682430 -0.01321864 0.01107490
0.08924970 -0.01350510 0.01217413
-0.08863449 -0.00606191 -0.03789723
-0.14909768 -0.00646770 0.04281175
-0.20263022 -0.00061691 0.06429732
-0.09560347 -0.02263832 -0.10394740
0.00048602 0.01047468 0.33388555
0.00722373 0.00245416 -0.38295674
-0.04864585 0.01832438 0.31858408
-0.08187127 -0.03374314 -0.03808248
-0.20436299 -0.00646710 0.06243110
-0.21920848 -0.00427139 0.04538989
0.15179706 -0.01398027 0.00331056
-0.09226882 -0.02602923 -0.10347903
0.12373888 0.02727985 0.33322978
0.01796901 0.01613677 0.31290853
-0.10809195 -0.04186726 -0.10017359
0.10463274 -0.02949655 -0.10610652
-0.00060523 0.00489020 0.32930970
-0.00170970 -0.01269579 -0.39847112
-0.00373209 -0.04261732 -0.08634210
-0.08274472 -0.03027737 -0.10560679
0.15246797 -0.01610613 0.00535680
0.00238061 0.02161407 0.33933601
0.20227683 -0.00773370 0.02909981
-0.03767610 0.01747847 0.31705764
0.00349605 0.04479110 0.25892684
-0.07952523 -0.02154231 0.01143450
0.20281756 -0.00436461 0.06619219
0.01184547 0.02004826 0.31854984
0.15171897 -0.01133978 0.04024181
-0.00132036 0.05383420 0.19708990
-0.15455079 -0.01100779 0.04390031
-0.10634804 -0.05119348 -0.09997313
0.01394439 -0.04135132 -0.05260174
-0.00419068 -0.06231475 -0.31535393
-0.08128607 -0.03164685 -0.04848379
0.10868704 -0.03230989 -0.10261283
-0.00036132 -0.01153338 -0.39811298
0.03209603 0.01540840 -0.10916977
-0.21448779 -0.00461841 0.02383560
0.03209603 0.01540840 0.01959458
0.02063286 -0.04017818 -0.08568788
-0.02963257 0.01843667 0.31532490
0.15267920 -0.01530933 0.00798833
0.14983737 -0.00956988 0.04358947
0.20366538 -0.00863409 0.03469121
-0.00237966 0.05628026 0.19739771
0.20195413 -0.00449610 0.06773376
-0.00609004 0.02085638 0.33819652
0.02746725 -0.02324736 -0.31450558
-0.00119853 0.04221535 0.31413388
-0.06227922 -0.02679682 -0.04228640
0.02874660 0.02103353 -0.19373500
0.03273308 -0.01650047 -0.13704801
0.00301301 -0.01166379 -0.39347589
0.03082967 0.01693630 -0.01718378
-0.12753725 0.02832568 0.33183980
-0.09725058 -0.05474305 -0.09952044
-0.07845318 -0.04058468 -0.10069513
0.00107098 0.03058538 0.31035972
-0.00053203 -0.01248019 -0.39835012
0.03719997 -0.00554130 0.07203690
0.00000000 0.05062500 0.19406250
0.09969997 -0.05400675 -0.09991249
0.00399995 -0.01123200 -0.39592803
0.03594184 -0.01163655 -0.15742278
0.00898683 -0.00934031 -0.38728905
-0.00063896 0.04789530 0.19127464
0.08172584 -0.03340292 -0.10392499
-0.08939409 -0.00469434 -0.03329384
-0.20256472 0.00013006 0.06464684
-0.14803660 -0.00667894 0.04135215
-0.00663900 0.02741706 0.32509899
0.12924850 0.03006244 0.32835877
0.10419047 -0.04906654 -0.10387850
0.08938193 -0.01249361 0.01245594
0.00441360 -0.01005423 -0.39812398
0.02294540 0.01871943 0.31221056
0.01656103 0.03492498 -0.28020215
0.09112275 -0.02196777 -0.10478452
0.09257090 -0.01238525 0.01374356
0.03077245 0.01900792 0.31611058
0.08804727 -0.00517464 -0.03295890
0.01508653 0.03469384 -0.27728999
-0.02298403 0.02864051 -0.10389601
-0.19956136 -0.00196433 0.06540187
0.00024378 0.03567731 0.31458354
0.00004721 0.02767134 0.33764446
-0.14932859 -0.00807369 0.04112798
0.20530164 -0.00080645 0.06624562
0.15332174 -0.00680947 0.04313520
0.11062121 -0.04146624 -0.10202704
-0.02441871 0.02724707 0.19109701
-0.08778322 -0.00612080 -0.03464640
0.00462711 -0.00731432 -0.39686388
0.08800960 -0.00640357 -0.03414750
0.02547812 -0.01196575 0.24023354
-0.15104485 -0.00813580 0.04417253
0.20550692 -0.00365353 0.06211138
0.15291560 -0.00682807 0.04339910
0.00299442 -0.00569367 -0.39636481
-0.02636671 0.01800668 0.31285477
