0.68951607
0.53572297
0.51900119
0.53623772
0.52684820
0.52650774
0.61059582
0.95427155
0.51310408
0.57748508
0.52871317
0.61769027
0.51024950
0.56164843
0.56061578
0.72428304
0.57971257
0.77828783
0.64121240
0.64072877
0.52230221
0.56402320
0.50649357
0.59201777
0.55427140
0.58942634
0.62432992
0.50982046
0.73366088
0.57857317
0.95774263
0.67038691
0.53968644
0.55355430
0.70038879
0.62667584
0.65453190
0.70822495
0.74341512
0.56911302
0.57405180
0.72753632
0.54508615
0.63279933
0.65854406
0.55600715
0.61755562
0.59119636
0.85708034
0.51422399
0.95282066
0.92446911
0.50887734
0.59348887
0.52290481
0.56746399
0.59227812
0.95885450
0.52770233
0.55820340
0.99999988
0.65941477
0.95885116
0.61493897
0.55771524
0.61525917
0.85708040
0.58488369
0.89191294
0.56117070
0.60817254
0.53038394
0.57623827
0.64845037
0.65220869
0.56954193
0.54738784
0.54214877
0.54950118
0.96336418
0.61582232
0.59241909
0.65821004
0.58728874
0.65917814
0.50566816
0.57665890
0.58527827
0.51825035
0.56376451
0.61518413
0.58987260
0.54470611
0.55734247
0.95598972
0.73624194
0.57617944
0.56026775
0.55340761
0.61857408
0.50748831
0.84673703
0.61844087
0.56411523
0.52742070
0.95664728
0.52143782
0.56871980
0.71266425
0.57102603
0.53808707
0.94919980
0.52181309
0.53133810
0.50414252
0.61730617
0.65011162
0.59074450
0.52404177
0.73138499
0.62123048
0.63650513
0.57404846
0.64596462
0.96121144
0.53577530
0.79797590
0.57957739
0.63215965
0.62749058
0.57285786
0.58386898
0.66272014
0.80374444
0.61578137
0.73462296
0.54564351
0.69464225
0.58718985
0.73933834
0.50228703
0.50867778
0.50466484
0.55795926
0.70903623
0.59094012
0.76750785
0.63102001
0.58468717
0.60522985
0.69344461
0.58549017
0.58899266
0.51844954
0.57635587
0.95793611
0.51640326
0.73192233
0.53666955
0.52467781
0.57024533
0.56163847
0.72670376
0.74736667
0.54017246
0.64321816
0.60159189
0.58326781
0.60311848
0.52192754
0.65074581
0.63598436
0.89479637
0.53243446
0.50455058
0.61413318
0.64611292
0.57772648
0.56517547
0.56471670
0.51584423
0.50488859
0.55820340
0.99999988
0.65941477
0.95885116
0.61493897
0.55771524
0.53341496
0.53568363
0.54078496
0.66324437
0.69858408
0.52363002
0.55150193
0.60959399
0.57752913
0.58611131
0.55010301
0.60813797
0.62220657
0.51727498
0.95578432
0.61913508
0.53109932
0.69983608
0.61389983
0.58972692
0.56507480
0.63412380
0.61523026
0.50551677
0.62988722
0.59572297
0.57577336
0.64070594
0.66402739
0.65296763
0.63544148
0.61003733
0.96516156
0.58140653
0.56346011
0.53708589
0.51094514
0.62865663
0.51824486
0.66942406
0.60568815
0.67965490
0.57587832
0.84673703
0.65921319
0.55814290
0.52287292
0.68028390
0.89618146
0.62610114
0.58698255
0.60900432
0.51428646
0.66043466
0.58936584
0.64834934
0.67118251
0.86286783
0.57354069
0.63218391
0.64118212
0.95924145
0.68857658
0.52755564
0.57275254
0.62572086
0.56248128
0.72781593
0.62732977
0.61479354
0.59475470
0.61691600
0.52859592
0.55343497
0.66517156
0.64194167
0.64858234
0.59382296
0.74814701
0.60813510
0.59886229
0.53189778
0.61345744
0.50572127
0.53274208
0.51453608
0.73421818
0.96046096
0.59599483
0.77331799
0.72990131
0.56262398
0.51096439
0.58219016
0.67445624
0.74103373
0.56403732
0.57623553
0.57962960
0.67276371
0.69502634
0.50064188
0.61357057
0.64071321
0.57594615
0.52949446
0.61366326
0.58445776
0.65597767
0.50761598
0.55186582
0.51954383
0.70703202
0.92221391
0.62661260
1.00000000
0.50468653
0.50623107
0.95291561
0.53565031
0.57670259
0.55540383
0.58853734
0.55118972
0.55348307
0.50217211
0.57412755
0.64273250
0.52461183
0.66121805
0.52131224
0.58649307
0.60315299
0.62636340
0.61778396
0.60422432
0.51028198
0.96063155
0.65690821
0.51176697
0.53250015
0.59081656
0.62387365
0.65138453
0.61709523
0.55270469
0.60938036
0.63331139
0.55128324
0.64420712
0.63101077
0.66500425
0.56940347
0.96355128
0.56730598
0.64748484
0.58366930
0.53423572
0.53580141
0.68965888
0.54696041
0.58813983
0.52942300
0.65391475
0.65190506
0.60887474
0.68549520
0.91646194
0.63774872
0.64047593
0.54714578
0.52793515
0.61705840
0.65939981
0.53575939
0.58369559
0.63563484
0.53076583
0.63137627
0.95840949
0.52089214
0.60648561
0.72966725
0.70131737
0.80165839
0.58972538
0.77828783
0.51900685
0.57921588
0.59691393
0.58036280
0.54206073
0.51665604
0.59363598
0.55342484
0.51161838
0.57012486
0.58932096
0.95781863
0.71193576
0.71541554
0.86012244
0.57035476
0.56751168
0.70393986
0.60050374
0.70993328
0.50316441
0.61289442
0.70691997
0.50389403
0.60278398
0.54995185
0.65220869
0.76926881
0.93592250
0.90835118
0.52189189
0.58629429
0.62459213
0.55257899
0.95404762
1.00000000
0.50468653
0.50623107
0.95291561
0.76926881
0.93310595
0.50205731
0.57280153
0.56261092
0.64336777
0.62863368
0.60465807
0.50322425
0.55315739
0.58123255
0.94444919
0.56502092
0.62807477
0.62316710
0.63318247
0.59416223
0.52107120
0.63500607
0.65796149
0.60425031
0.65255296
0.68586445
0.61849314
0.55316854
0.54870611
0.56599981
0.56342626
0.50058001
0.96013117
0.55370522
0.57665801
0.53389871
0.62209791
0.61376166
0.95159990
0.56989819
