0.03947499
0.01990719
0.52643567
0.44912681
0.44107363
0.02237610
0.40004864
0.34811327
0.28857815
0.01472821
0.26701844
0.00254912
0.00551599
0.18876615
0.03619081
0.40356347
0.00090861
0.20090736
0.00784828
0.00476432
0.12135935
0.32878757
0.03177419
0.02635308
0.00127916
0.23875211
0.03991580
0.05576335
0.19845666
0.02044112
0.12776925
0.06762183
0.12081071
0.56765175
0.00136611
0.00947656
0.09519352
0.40337393
0.11687271
0.39725146
0.34626430
0.00097080
0.07780589
0.03704363
0.00298913
0.26414812
0.26227111
0.17203544
0.17708281
0.06234362
0.09046392
0.01057642
0.02645473
0.00780426
0.34755206
0.09317346
0.03334261
0.23994055
0.01066808
0.12294672
0.15046205
0.00918590
0.00396112
0.00491607
0.02094601
0.00789670
0.01606133
0.08834416
0.11103220
0.01302028
0.03658716
0.01817477
0.26275402
0.03624913
0.01215211
0.02085823
0.15242019
0.13284779
0.02781484
0.18758295
0.03440894
0.00198793
0.01310811
0.02179357
0.05527162
0.12955946
0.00167000
0.00032331
0.20316629
0.07277082
0.02815273
0.10838658
0.04078791
0.18627618
0.14744928
0.00411837
0.04253864
0.00223917
0.02808493
0.07410673
0.10007878
0.11326341
0.19938698
0.04528058
0.00340665
0.01902162
0.01101008
0.03102813
0.50036466
0.39825314
0.38971353
0.01772240
0.28234118
0.27333885
0.19704108
0.01478459
0.06438042
0.01691235
0.00776103
0.01331208
0.00099903
0.50351596
0.01420186
0.44747329
0.09054293
0.05800382
0.02105191
0.10850691
0.29956749
0.12892437
0.00560189
0.22965069
0.22123317
0.00618728
0.17018010
0.15238994
0.15107307
0.14109427
0.02484600
0.10894624
0.48797691
0.48281071
0.45658773
0.14925794
0.22738422
0.15375520
0.17301109
0.17077202
0.01971880
0.04218927
0.15148234
0.12641878
0.12558170
0.05037158
0.00548325
0.07487115
0.01324881
0.00109296
0.01916848
0.15046205
0.00918590
0.00396112
0.01159672
0.03605112
0.21629405
0.38504434
0.37201136
0.09112669
0.00495447
0.03110337
0.03949218
0.01216822
0.00082942
0.02166193
0.00653116
0.03446724
0.00580894
0.00252695
0.00785446
0.03131094
0.31120166
0.04064224
0.00459105
0.04669682
0.00016370
0.31243283
0.03136399
0.28771374
0.08762446
0.02123523
0.16332611
0.02014043
0.12896056
0.02738087
0.07094561
0.19197340
0.00300469
0.01797801
0.03673093
0.03756096
0.07264931
0.19389434
0.12398727
0.11134958
0.00157244
0.02779992
0.04195285
0.00529313
0.54270011
0.50697577
0.00198560
0.38288134
0.00431879
0.12740821
0.01264392
0.16562399
0.05267600
0.23254336
0.02054008
0.02170419
0.03398951
0.17022893
0.14296563
0.35476875
0.12243181
0.07234116
0.00333536
0.41102821
0.00030937
0.38842279
0.01513887
0.04048638
0.32692546
0.26636690
0.25762728
0.10128620
0.19039433
0.00596307
0.14205830
0.02281270
0.01746671
0.02304724
0.21844494
0.01028376
0.18705583
0.18454832
0.11325103
0.00866525
0.11619093
0.10905063
0.10147043
0.01276899
0.02152957
0.22805895
0.00590611
0.33375654
0.08987077
0.22565021
0.14228736
0.00789757
0.14980403
0.15029487
0.04258631
0.03440706
0.00323436
0.01396466
0.00771214
0.05981294
0.00837489
0.00762031
0.01778848
0.00556713
0.12010544
0.02818811
0.00774453
0.00318301
0.01212556
0.12991260
0.14463116
0.02245271
0.13392018
0.19864720
0.07634851
0.11221702
0.00509071
0.03847760
0.13539800
0.13249095
0.00001776
0.04135284
0.10753288
0.12363905
0.60747862
0.53196466
0.45900419
0.41503096
0.00060681
0.02303737
0.17310330
0.08142890
0.26212040
0.25168091
0.15885639
0.12853931
0.14990215
0.02267807
0.56007248
0.00430672
0.06319809
0.42465347
0.12104688
0.23825054
0.26607475
0.33883989
0.31671393
0.16740154
0.05396909
0.17709398
0.05533367
0.23734361
0.23202832
0.00189075
0.04919668
0.03048105
0.07393935
0.46271351
0.08505549
0.07359183
0.03989656
0.07505934
0.32988283
0.28281075
0.27067384
0.07588419
0.04743799
0.23276824
0.15190184
0.15668584
0.11437107
0.25175300
0.03935821
0.00186894
0.00032614
0.06739513
0.03076679
0.13596343
0.33375654
0.08987077
0.22565021
0.14228736
0.05498943
0.24942023
0.01353784
0.02682314
0.16529155
0.00019339
0.00428154
0.12665419
0.04605364
0.08219678
0.03693069
0.21222386
0.12492877
0.14454475
0.06924842
0.00775548
0.06114789
0.03608910
0.01161382
0.05256408
0.00014758
0.06202231
0.01598489
0.22910175
0.01696459
0.16877790
0.05258529
0.01757908
0.03315176
0.00648904
0.03605311
0.07723848
0.03712668
0.01362161
0.27472499
0.24887778
0.03550299
0.04562330
0.00023145
0.01723912
0.11424658
0.01114254
