295 255
323 157
298 227
361 271
349 272
351 285
352 259
324 236
315 147
309 352
278 128
329 170
359 286
339 336
324 366
298 250
295 281
350 233
349 279
305 137
307 283
312 249
307 232
310 365
320 119
358 254
323 382
305 157
337 358
360 279
324 253
310 117
325 244
297 131
309 122
318 124
297 149
324 257
307 246
312 258
308 129
308 279
323 350
296 295
349 263
335 337
299 267
358 263
392 178
344 102
295 252
311 336
350 220
329 219
338 340
308 161
326 354
324 242
311 343
344 231
306 121
310 366
328 381
327 331
312 324
343 264
343 256
304 147
341 315
322 152
351 265
296 293
338 350
323 370
311 355
351 220
399 172
361 265
304 248
348 266
323 133
350 281
349 233
297 279
317 116
361 281
310 365
310 112
336 355
323 381
303 234
308 118
349 273
326 157
319 138
298 253
313 129
353 248
331 335
303 219
325 344
349 285
309 140
305 131
313 339
358 285
368 259
331 179
353 262
303 236
293 251
325 167
285 223
357 247
357 238
364 272
281 257
320 352
310 343
312 165
291 281
353 265
354 280
293 268
322 120
358 233
281 281
365 280
357 250
284 233
335 234
307 232
345 244
311 366
330 368
287 249
312 120
317 117
323 382
307 244
293 270
321 135
303 256
307 241
302 103
321 338
364 119
422 201
312 126
358 230
287 259
359 271
284 286
292 286
308 207
336 293
344 220
306 281
337 254
306 121
310 366
328 381
332 275
309 273
307 195
283 268
353 257
326 164
304 274
331 346
291 271
284 246
303 243
355 231
291 287
320 360
319 151
316 155
299 115
354 266
293 269
364 280
283 279
293 279
353 279
327 136
358 233
320 117
284 233
311 367
426 216
330 365
321 381
352 263
329 168
311 148
321 148
363 261
283 245
308 316
294 252
357 238
284 223
306 189
316 143
285 255
362 270
271 259
286 262
336 236
347 251
298 244
307 179
282 246
314 167
358 257
280 239
354 223
283 272
316 352
355 230
364 155
275 258
286 265
355 233
358 282
285 280
347 268
347 280
353 249
304 234
316 120
283 250
294 243
282 233
275 280
332 233
326 120
426 216
315 382
286 258
317 135
346 270
354 246
337 102
336 256
317 338
327 126
277 270
352 259
298 249
302 254
295 225
292 279
295 220
333 121
311 381
302 365
298 356
296 257
330 273
331 196
347 270
283 256
320 150
283 273
303 236
316 360
354 246
330 342
347 286
322 156
285 267
346 279
319 115
285 280
356 279
346 269
339 115
275 280
354 233
281 233
316 380
317 149
286 263
345 252
282 238
331 315
309 170
327 148
354 223
354 256
287 258
327 234
291 272
341 227
277 270
283 249
289 286
279 285
325 147
360 128
301 334
313 366
401 172
343 255
340 250
333 138
291 279
300 249
344 282
280 280
289 233
315 254
327 249
315 135
332 282
281 254
332 232
334 158
302 358
319 120
313 382
305 270
343 147
343 131
321 124
343 295
333 151
290 264
339 267
302 338
331 129
314 350
281 262
294 104
362 106
246 178
331 161
314 242
310 354
321 164
300 227
295 229
329 341
295 330
333 121
311 381
302 365
298 356
312 331
304 322
303 207
295 257
299 316
333 135
296 264
335 147
287 266
343 293
313 370
300 350
333 247
277 265
290 221
288 264
289 233
289 281
322 116
342 279
328 112
333 279
278 280
302 355
335 234
330 118
313 381
289 273
320 138
279 274
333 132
313 157
341 254
288 285
325 129
303 318
334 255
314 344
336 219
279 284
329 141
304 201
