0.57686430
0.51653421
0.65290719
0.51039290
0.57853562
0.68408144
0.62489426
0.60554767
0.60027862
0.58871448
0.51007324
0.51550007
0.65251082
0.56938440
0.94292122
0.73382217
0.55471104
0.67653602
0.66129005
0.59795403
0.76669252
0.59180903
0.94175261
0.58925307
0.63238543
0.57715535
0.94395018
0.52236056
0.58410436
0.59085804
0.52000612
0.66026938
0.60357910
0.70958430
0.63852835
0.59382987
0.73289651
0.53816223
0.66883731
0.51788527
0.62641370
0.63413841
0.93537325
0.62428313
0.63447368
0.54633975
0.74224049
0.61709559
0.50372851
0.51306981
0.57726073
0.52640176
0.56681943
0.55464637
0.50514460
0.54188144
0.94146746
0.54162806
0.57654124
0.56461471
0.52350938
0.57595092
0.90091038
0.91205120
0.58270007
0.50810349
0.53524965
0.55655116
0.53117973
0.51011592
0.69100410
0.55039424
0.52223682
0.95655543
0.52797025
0.64054769
0.50248057
0.57164383
0.66080183
0.53888708
0.50167543
0.68969786
0.73382914
0.56072706
0.61045218
0.60512394
0.67218274
0.59672207
0.50419325
0.95386779
0.60219151
0.63691193
0.58585417
0.86674011
0.53525823
0.55647957
0.64216983
0.59931254
0.55337036
0.60347807
0.90114820
0.69510311
0.54580450
0.59359676
0.62391859
0.65182847
0.53792900
0.55578130
0.57826364
0.58034635
0.65527052
0.62250531
0.63251579
0.68223006
0.53249699
0.67937452
0.68429577
0.94867265
0.59318745
0.63144207
0.61843187
0.53809464
0.75355524
0.63339835
0.59487045
0.70628560
0.59882110
0.62579674
0.69724464
0.69040185
0.51477569
0.52977723
0.55652118
0.54617631
0.84488630
0.75245082
0.65569693
0.70006847
0.91623437
0.50884819
0.61419433
0.59676141
0.55795979
0.59255201
0.51883793
0.93750668
0.50911385
0.50908673
0.51584983
0.69327444
0.74739009
0.66193241
0.64493376
0.61372113
0.50113428
0.51736552
0.52167875
0.58476394
0.56079209
0.52350938
0.57595092
0.90091038
0.55799985
0.55835122
0.56778401
0.50350934
0.56397760
0.50267816
0.50541908
0.53648436
0.57802927
0.65367711
0.53986007
0.73856354
0.69025302
0.95347714
0.61819321
0.70122266
0.59681880
0.56225705
0.60739821
0.64630616
0.65204328
0.70953792
0.70253348
0.53353906
0.71903014
0.58988541
0.66634345
0.55830580
0.50117159
0.51698869
0.95156181
0.61387265
0.55733871
0.57696801
0.62805122
0.56167305
0.79536521
0.56570566
0.59831423
0.72627223
0.66898650
0.74258429
0.63803434
0.64656180
0.66337001
0.58999807
0.57752794
0.55176407
0.61142200
0.51133877
0.71270007
0.68427545
0.60391265
0.66519433
0.57257307
0.66287667
0.69298202
0.94584459
0.74115765
0.50973690
0.57238036
0.54266614
0.70213622
0.61677843
0.64099485
0.59976315
0.66073442
0.76066720
0.50168717
0.61172622
0.66994661
0.61519527
0.65754735
0.60079539
0.51064116
0.63971406
0.50158936
0.94393647
0.51651734
0.57309490
0.61330307
0.61433506
0.51986760
0.54195952
0.93313342
0.51591164
0.61199266
0.73963517
0.51414001
0.66304135
0.50908607
0.53253245
0.50073469
0.51249516
0.92872304
0.62887567
0.63411397
0.50259984
0.56570566
0.55408198
0.59876007
0.56901312
0.58032203
0.71908569
0.50261515
0.94666827
0.69299912
0.51403153
0.65458471
0.61836874
0.58479416
0.70561582
0.59405833
0.72941208
0.73044688
0.61983138
0.51049858
0.64598483
0.70267159
0.68175071
0.94555295
0.60412753
0.60144651
0.59377939
0.69578320
0.55835128
0.94998503
0.62786567
0.74395669
0.71374863
0.69506115
0.50494927
0.56469864
0.70138961
0.72024286
0.68502206
0.69270146
0.61279166
0.61369199
0.51697248
0.65130919
0.94513178
0.50372124
0.57533401
0.74297249
0.60012209
0.63988304
0.52862561
0.58731413
0.60135108
0.64880753
0.55190259
0.55273932
0.51393753
0.89195800
0.68176681
0.92370915
0.52118003
0.64722109
0.60469192
0.94126248
0.60163236
0.59558928
0.70958430
0.61473334
0.58563948
0.60080284
0.60626739
0.73452026
0.54690832
0.59223211
0.94131410
0.54013765
0.52606201
0.51744795
0.51467961
0.51859301
0.56642908
0.92202252
0.55408841
0.50269943
0.56343764
0.50280207
0.65393388
0.51249516
0.92872304
0.62887567
0.63411397
0.92761678
0.56896257
0.57686102
0.53704756
0.59445685
0.64317191
0.50931895
0.56280589
0.72195506
0.61539185
0.95102090
0.59994739
0.66831082
0.53910798
0.64579058
0.53392911
0.72192311
0.69258630
0.65885973
0.65343338
0.61440080
0.53133249
0.59615010
0.60579461
0.82945549
0.63849223
0.94772947
0.62227911
0.57382917
0.76933157
0.57621419
0.94998497
0.65249032
0.75616544
0.61862713
0.54342186
0.57870746
0.94184613
0.61297488
0.60737962
0.56454533
0.58207268
