-0.11410093 -0.02041554 -0.11593854
0.04076207 0.02768314 0.34759331
-0.10520482 -0.02064049 -0.01964748
0.15857947 -0.00882840 -0.03474307
0.10161245 -0.01427412 -0.06707370
0.09868681 -0.02345598 -0.11593425
0.10930514 -0.01995969 -0.02179563
-0.02267933 -0.03830278 -0.01696074
-0.00380182 0.01777840 0.35460365
-0.01802981 0.02220130 -0.35266018
-0.13903832 0.03793192 0.35814214
0.07235575 0.03306317 0.31737423
0.11803937 -0.03586602 -0.11612236
0.00128698 -0.06731737 -0.33320749
0.00170970 -0.01269579 -0.39847112
-0.10436857 -0.01994073 -0.02713612
-0.12221992 -0.02697933 -0.11044632
0.10819876 -0.01429474 0.02021040
0.09045839 -0.02696013 -0.11165749
-0.00543034 0.05506957 0.29375473
-0.03135788 0.02018583 -0.12055534
-0.05564189 -0.02454376 -0.02473841
-0.03135788 0.02018583 0.02242890
-0.01855886 0.02124608 -0.35182968
0.02623367 0.02623367 0.34536272
0.13890922 -0.01742828 -0.04072792
-0.00928783 -0.02111769 -0.39594039
-0.00543034 0.05506957 0.23671497
0.00001109 -0.06633747 -0.32564902
0.11701322 -0.04531240 -0.11191196
-0.02258742 -0.03822362 -0.03593362
-0.00898051 0.03104234 0.34809616
-0.02063286 -0.04017818 -0.01105650
-0.00391448 0.08256161 0.31559205
-0.00316286 0.03730798 0.35890496
0.02353549 0.03095591 0.34547603
-0.00350296 0.08418798 0.26012588
-0.02164447 -0.03744245 -0.02860236
-0.02947021 0.02235699 -0.01715899
-0.05638540 -0.02501357 -0.02043021
0.00204241 0.04663920 0.33291173
-0.03427637 0.01464653 -0.12788272
-0.00872409 -0.02166319 -0.39567626
-0.12132764 -0.02661657 -0.11399531
0.09001434 -0.02992785 -0.11242533
0.00032902 -0.06291997 -0.32291794
-0.10171235 -0.01994944 -0.03020895
0.10743213 -0.04961264 -0.11122835
0.29985106 -0.00129282 0.07529724
0.13142300 0.04028976 0.36795473
-0.10770833 -0.01145732 0.01957214
-0.02643061 0.01213443 -0.34910131
0.11003292 -0.01143444 0.02082992
-0.03368568 -0.02543096 0.05023217
0.00677240 -0.04567995 -0.35212314
-0.00989616 0.03683475 0.33304405
0.00389266 -0.01498973 -0.39888215
-0.03755212 -0.01098630 -0.04532051
0.01065671 0.02282074 -0.35869443
-0.06304514 -0.06575850 -0.02817142
-0.00200009 0.03934350 0.33441976
-0.00590014 0.02805862 -0.35353869
-0.00790000 -0.02242890 -0.39530939
-0.00744355 -0.02184053 -0.39408970
-0.01453793 0.02464380 -0.35140371
-0.06520534 -0.06403027 -0.02928424
-0.04813755 -0.06407944 -0.01490390
0.00491202 0.04085100 0.33088791
-0.00373924 -0.06436867 -0.32137156
-0.02032781 0.01186943 0.30620742
-0.09246624 -0.02563226 -0.11589777
0.11826825 -0.02221322 -0.11346197
-0.00662088 -0.06044030 -0.32800341
0.00443363 -0.01532173 -0.39872837
0.02171123 0.01120508 -0.35899496
-0.11119235 -0.00969768 0.01679707
-0.30221820 0.00543058 0.06741285
-0.11151433 -0.04468036 -0.11589777
0.07811487 -0.01288426 0.01725388
-0.08917296 -0.02001798 -0.07169467
-0.02252698 0.01070666 0.29810870
-0.10106659 -0.01536536 -0.11251733
-0.10179377 -0.01057720 0.01917956
0.11654043 -0.02148700 -0.11396970
-0.02177501 0.03352070 0.34329554
-0.11843300 -0.04107547 -0.11278946
0.01287985 0.02673888 -0.35018438
0.00029480 0.03904402 0.35605443
-0.00605834 -0.05852568 -0.32823730
-0.00321758 -0.00873339 -0.39718115
0.08165848 -0.01224554 0.01732320
0.01404679 0.03342140 0.34124470
-0.09346139 -0.02206540 -0.07815099
-0.02399266 0.00180602 0.27869606
-0.02376831 0.02738214 0.34479654
0.11044431 -0.01808858 -0.11152875
0.00267410 0.02273154 0.35891545
-0.11225796 -0.01540756 0.02162242
-0.02333653 -0.02400339 -0.35440326
0.08836687 -0.01937842 0.01993084
-0.00720525 -0.01453090 -0.39520240
-0.10000420 -0.01615000 -0.11416471
0.00087285 0.03911841 0.33397245
0.02756321 0.02734268 0.34541881
0.00102139 0.02890909 -0.35264707
-0.12108159 -0.03076982 -0.11057639
0.13631827 -0.01284528 -0.04785597
0.04494828 0.03181744 0.30195141
0.09053308 -0.01566458 -0.07365930
-0.05686349 -0.02627397 -0.02446926
-0.08177963 -0.01720786 -0.07969534
0.02371246 0.02501881 0.34331131
-0.10769030 -0.01961529 0.01794910
0.10211813 -0.02089965 -0.01826537
0.10337108 -0.02040267 0.01758242
0.11644900 -0.02937269 -0.11572289
-0.11605933 -0.02363145 -0.11662269
-0.00371540 -0.01238465 -0.39880943
-0.02302772 0.01155818 -0.35768545
-0.01867527 0.02375627 0.33748412
-0.09615207 -0.04465389 -0.11206531
0.09015757 -0.02297521 -0.07042219
0.08841705 -0.03675652 -0.11205900
-0.08383989 -0.01974106 -0.07739550
0.01329118 0.02451491 0.34118551
0.10683244 -0.01785088 0.01979460
-0.12233233 -0.03679991 -0.11206531
0.11793369 -0.04561138 -0.11205900
0.10284775 -0.02072716 -0.02823412
-0.10913438 -0.01831269 0.01930241
0.03564310 -0.02708411 0.01676903
-0.03663325 0.00483036 0.02244690
0.06608999 -0.02400303 -0.01123200
-0.02968699 -0.01155686 -0.35159671
0.02109557 -0.02679157 -0.35717759
-0.10121077 -0.02068973 -0.02481739
-0.01667339 0.02327251 0.33986250
-0.00475752 0.01364255 0.34755647
0.00070083 -0.02672863 -0.39531735
-0.04570818 -0.02710915 -0.01107405
-0.08650056 -0.02221501 -0.07346487
0.01198316 0.03098953 0.34237039
-0.05765462 -0.02683449 -0.02143371
-0.03596610 0.00725245 -0.00064611
-0.00224519 0.15892184 0.35876429
-0.00433773 -0.02524841 -0.39635563
0.13053715 0.03844917 0.36284328
0.30039418 -0.00171292 0.07149076
0.00140643 0.07729948 0.34040165
0.10795790 -0.01207614 0.02031100
-0.10215265 -0.01954007 -0.02748883
0.10192454 -0.05090761 -0.10490310
-0.11960530 -0.04357553 -0.10764813
-0.09626567 -0.04362655 -0.11472023
-0.00628644 0.03817935 0.34443259
0.11583930 -0.04359240 -0.11639476
-0.06634367 -0.06623370 -0.02906179
0.00552088 0.03439013 -0.33209181
-0.00365853 -0.04519620 -0.14172578
-0.00200009 0.03934350 0.33441976
-0.00590014 0.02805862 -0.35353869
-0.00790000 -0.02242890 -0.39530939
-0.01727414 -0.03791475 -0.32726574
-0.01660979 0.03449036 -0.30472422
0.01231265 0.03181961 0.34227276
0.11631566 -0.02500558 -0.05426180
-0.08936027 -0.01780391 -0.07296574
-0.02450666 0.01860464 0.29413080
0.05346519 -0.02394295 -0.09376168
-0.02265099 -0.02189970 -0.35961056
0.09400272 -0.03016651 -0.06689680
0.11048758 -0.01015306 0.01597393
0.05499309 -0.01470828 0.01679087
-0.09931722 -0.01151538 0.01828003
0.09659445 -0.04168940 -0.11591733
0.00573027 -0.01910090 -0.39929986
-0.00764138 0.03607678 0.34037280
-0.00322938 0.05263758 0.30486631
0.05049598 0.03561163 0.34880626
-0.09307134 -0.02176189 -0.07295242
0.09124684 -0.03370214 -0.08347107
-0.12042648 -0.02788019 -0.11214450
0.11753988 -0.02174234 -0.11208308
0.09064549 -0.03189850 -0.11217082
-0.08841991 -0.02850986 -0.10977086
-0.02543265 0.01690459 0.28975052
-0.10719723 -0.01169634 0.01953315
-0.00899404 0.02997971 0.34160635
0.11097127 -0.01149750 0.02002534
0.02249235 0.01290727 -0.35634452
-0.30111611 0.00352335 0.06507270
-0.02804518 -0.00423765 -0.35100001
-0.00046104 -0.00828171 -0.39779979
-0.08759493 -0.02978289 -0.09523594
-0.02786970 0.01203585 0.27611279
0.01575321 0.02669990 0.34233809
-0.00847024 0.01943290 0.34233809
-0.11932984 -0.03198087 -0.08000588
0.12332767 -0.03338623 -0.08488214
0.03274888 0.01819885 -0.31326890
0.09015691 -0.03431392 -0.10518205
-0.10250592 -0.01705766 0.02027917
0.11136037 -0.01609254 0.02130961
0.03147489 0.02397323 0.20015275
0.00342274 0.02361238 0.35864091
0.11328101 -0.01951897 -0.11014831
-0.11868322 -0.02734852 -0.11263466
-0.13950002 -0.01233780 -0.04657102
-0.09318060 -0.01645887 -0.07365930
0.05459890 -0.02845490 -0.02585924
0.08177963 -0.01720786 -0.07969534
-0.05560589 -0.02779067 -0.02561140
-0.05085373 0.03004575 0.30195141
-0.10472268 -0.02226543 -0.01493382
-0.02631062 0.02291954 0.34188437
0.11349595 -0.02440047 -0.11662269
-0.11255491 -0.01967990 0.01685131
0.10502174 -0.02041578 0.01794910
-0.09816658 -0.02388787 -0.11572289
-0.00583088 -0.01524854 -0.39880943
0.10741660 -0.02164900 -0.01118159
0.13133830 0.03524554 0.35979390
-0.12777370 -0.01797318 -0.05101988
-0.09411919 -0.02009225 -0.07053187
0.10649318 -0.01910496 0.01930241
0.12018245 -0.03942847 -0.11470883
-0.09110039 -0.03756142 -0.11205900
0.08334917 -0.01790476 -0.07745535
0.08939236 -0.04052234 -0.10959750
0.10121077 -0.02068973 -0.02481739
-0.03832006 -0.02788734 0.01676903
-0.01873779 0.02288079 0.34118551
-0.10222602 -0.02252436 -0.02821275
-0.06877959 -0.02480984 -0.00842400
-0.10811281 -0.01416326 0.01982531
-0.11793369 -0.04561138 -0.11205900
0.03715640 -0.00722790 0.01954890
0.01068616 0.02356482 0.34013250
0.30111611 -0.00352335 0.06507270
-0.00659013 -0.02651143 -0.39562088
-0.09464073 -0.02458370 -0.07512617
-0.01691210 0.02951086 0.34237039
0.08378780 -0.02302885 -0.07346487
0.10257539 -0.01512325 0.01915979
-0.00124538 0.16143870 0.35958147
0.05497766 -0.02763760 -0.02143371
-0.00160134 -0.02703011 -0.39635563
-0.00390452 0.07655001 0.34040165
-0.11547673 -0.04713082 -0.10848165
0.09947568 -0.02034318 -0.02748883
-0.05512834 -0.03190637 -0.02100635
0.00483805 -0.04777583 -0.14544368
0.05155396 -0.06915656 -0.02744341
-0.00018930 -0.06872040 -0.33247614
0.06634367 -0.06899344 -0.02906179
0.00399995 0.03650400 0.33415204
0.00790000 -0.02523251 -0.39530939
0.00979996 -0.05042655 -0.35018438
0.00790000 -0.06167948 -0.32521904
0.04528499 -0.06755130 -0.01556945
0.01759171 0.03131100 -0.30094719
-0.00410992 0.02670773 0.35808229
-0.08427429 -0.01891661 -0.07528102
0.09942761 -0.02336407 -0.06697643
0.00859886 0.02866292 0.35305166
0.09423041 -0.03728378 -0.11642885
0.04547122 -0.01572680 0.01757598
0.00391686 -0.02199507 -0.39929986
-0.10501146 -0.01179588 0.01597393
-0.02790368 -0.00423694 -0.34872925
-0.08975923 -0.03864801 -0.11646366
0.00728673 0.04527080 0.30710173
0.09283817 -0.03390718 -0.07611368
-0.08725995 -0.03082633 -0.11208308
0.01053774 0.02544475 0.34770939
0.09528458 -0.02440929 -0.11232001
-0.11416745 -0.02077055 -0.11199971
-0.08848989 -0.03452921 -0.08347107
-0.04515046 0.03400803 0.34880626
0.12311184 -0.02868581 -0.11214450
-0.10675454 -0.01683426 0.02005605
0.10986996 -0.01249814 0.01953315
0.00856793 -0.01071382 -0.39497849
0.01249224 0.01516795 0.33686662
0.09442264 -0.02609599 -0.08969474
-0.08643496 -0.03252804 -0.10244632
0.10517448 -0.01785827 0.02027917
-0.02964383 0.01776767 -0.30813122
0.03012264 0.00081813 0.26121044
-0.01090848 0.02524650 0.34233809
-0.10640168 -0.01903892 0.02002156
-0.10988081 -0.01841593 -0.11227131
-0.11254489 -0.02096415 -0.01727629
0.05637467 -0.02922833 -0.02265060
-0.09921348 -0.01649320 -0.06921089
0.10328281 -0.02256238 -0.01964748
-0.16148388 -0.01409018 -0.03238559
-0.13401222 -0.01798141 0.02599716
-0.10225427 -0.02008080 -0.11612236
-0.11838722 -0.04315639 -0.11593425
0.00481009 0.01675498 0.35334420
0.13289773 0.03589356 0.36079514
0.00206912 -0.07061291 -0.33002019
-0.00711179 -0.01809776 -0.39847112
0.30693829 -0.00289476 0.06613326
0.11035347 -0.02416289 -0.11593854
0.09921753 -0.02240455 -0.02715750
0.00411439 0.04823804 0.29045522
-0.09184563 -0.02566040 -0.11174085
-0.05387366 -0.02629626 -0.02550994
0.12031519 -0.02888405 -0.11314013
-0.11413133 -0.04794610 -0.11460600
-0.10877669 -0.01770127 0.02019465
0.02063286 -0.04017818 -0.03869775
0.05369830 -0.02648735 -0.02473841
-0.04599571 0.02570510 0.30130142
0.03342140 0.01404679 -0.11747768
-0.14096618 -0.01948524 -0.04072792
0.03342140 0.01404679 0.02237670
0.00473595 0.05168819 0.23368770
-0.00051963 -0.06967461 -0.32538354
-0.02825189 0.02421546 0.34250847
0.00140131 -0.02900422 -0.39594039
-0.01782978 -0.04276311 -0.09248328
0.05654383 0.02778792 0.30968702
0.00269616 0.08385313 0.31463754
-0.02658725 0.03030050 0.34458148
0.11935449 -0.02858973 -0.11399531
0.00445187 0.04450655 0.27024436
-0.09088838 -0.03318977 -0.11481321
0.09567451 -0.02158058 -0.03255737
-0.00653005 -0.06942606 -0.32668710
0.00576472 0.03484261 0.34032774
0.00124443 -0.02714062 -0.39696527
-0.11069155 -0.05048597 -0.10884237
-0.13560390 0.03671491 0.36180544
-0.00173020 0.16121328 0.35918534
-0.30662584 -0.00334239 0.07326770
0.00867224 0.03378870 0.33450699
0.03755212 -0.01647945 -0.04532051
-0.00389266 -0.02498288 -0.39888215
0.01476574 0.00304976 0.31302333
0.06668389 -0.05493151 -0.01618874
0.06692004 -0.06849844 -0.02429652
-0.00242472 0.02276100 -0.35880637
0.00813532 -0.06355406 -0.33169985
0.00399995 0.03650400 0.33415204
0.00790000 -0.02523251 -0.39530939
0.00979996 -0.05042655 -0.35018438
0.00790000 -0.06167948 -0.32521904
0.00496805 -0.02499570 -0.39712977
0.00889766 -0.04932360 -0.34859228
0.00316048 -0.04601857 0.12949252
0.04601550 -0.06981750 -0.02112556
0.00590658 -0.06436867 -0.32353902
-0.07132626 0.03401921 0.31725788
0.06520534 -0.06681420 -0.02928424
-0.00491202 0.03829781 0.33088791
0.09298027 -0.03294218 -0.11593878
-0.11384916 -0.02193916 -0.11552382
0.00282502 -0.02258050 -0.39872837
0.00912261 -0.06545341 -0.32705092
-0.06845903 -0.01554191 0.01732409
0.11532390 -0.04849005 -0.11589777
0.10490263 -0.01236928 0.01805496
0.09963083 -0.02496028 -0.06607440
0.10703337 -0.01298845 0.01916381
0.09631908 -0.02447712 -0.11296935
0.02373254 0.03156316 0.34329554
-0.10882211 -0.01817441 -0.11362748
0.00499463 0.03644156 0.35578081
-0.08748245 -0.03399849 -0.11345635
0.12300539 -0.04013276 -0.10986301
0.00877845 -0.06393301 -0.32848316
-0.07613719 -0.01493824 0.01730970
-0.00308359 0.03631723 0.33989963
0.00844920 -0.01948011 -0.39779979
0.09954154 -0.02376020 -0.07578099
0.02557516 0.02557516 0.34479654
0.12057710 -0.04249942 -0.07807732
-0.02163541 0.02591038 0.34421384
0.02230418 -0.00364494 0.27578974
-0.10713351 -0.01897573 -0.11395252
0.10808396 -0.01988769 -0.11175179
0.00095534 0.01910210 0.35891545
0.00789392 -0.06563830 -0.32105458
-0.08896041 -0.03027546 -0.11407077
0.00838172 -0.01771975 -0.39648092
-0.08633780 -0.02140749 0.01993084
0.12183082 -0.04251766 -0.11308777
0.00381219 0.03653228 0.33187354
0.02234185 -0.03975523 0.12237608
